* 0 0.9392715201365621 3 4 0.006339762953381387
0.00039047077766646797 0.0005133816692288972 0.0006629244862749038 0.0008295534684593208 0.0009902874207169865 0.0009902874207169824 0.0008295534684593238 0.0006629244862749032
0.0005418937356811047 0.0007512179909581733 0.0010280102137971315 0.0013647071293334898 0.001717891825624269 0.0017178918256242665 0.0013647071293334855 0.001028010213797128
0.0007512179909581733 0.001110222229843911 0.0016370537274294993 0.002357458755698377 0.003183607368676769 0.0031836073686767694 0.002357458755698398 0.0016370537274294885
0.0008295534684593217 0.0013647071293334772 0.0023278000193280093 0.0037652084422885954 0.006339762953381387 0.005465921707179681 0.0032089327049329205 0.0017178918256242738
0.0006629244862749031 0.0010280102137971345 0.001637053727429501 0.002651918576575466 0.004272535977809633 0.004272535977809628 0.002357458755698376 0.0013647071293334978
0.0005133816692288979 0.0007512179909581682 0.0011102222298439073 0.001637053727429501 0.002357458755698384 0.002638689340561582 0.001637053727429505 0.0010280102137971312
0.00039047077766646965 0.0005418937356811051 0.0007512179909581682 0.0010280102137971345 0.0013647071293334772 0.001601558216591264 0.001110222229843901 0.0007512179909581768
0.00029468216434674373 0.00039047077766646965 0.0005133816692288979 0.0006629244862749031 0.0008295534684593217 0.000978147855549795 0.0007512179909581768 0.0005418937356811028
* 1 0.9186238093465995 3 4 0.013055486178181338
0.0006629244862749038 0.0010280102137971315 0.0016370537274294993 0.0026519185765754576 0.004272535977809622 0.004272535977809629 0.002357458755698383 0.0013647071293334785
0.0008295534684593208 0.0013647071293334898 0.002357458755698377 0.004272535977809622 0.007866373595214608 0.006550275392249423 0.0032089327049329265 0.0017178918256242673
0.0009902874207169865 0.001717891825624269 0.0031836073686767677 0.006434130780863392 0.013055486178181325 0.008796780346246124 0.003961833799041348 0.001999878299736981
0.0010662412053873557 0.0018704352201060568 0.003518558911057615 0.0070519047135352165 0.013055486178181338 0.007702274368468568 0.003765208442288595 0.0020863719327078507
0.0009902874207169802 0.0017178918256242738 0.003183607368676768 0.006198698082514489 0.006550275392249426 0.004272535977809633 0.002651918576575466 0.001637053727429501
0.0008295534684593141 0.0013647071293334978 0.002357458755698376 0.003779916278139767 0.003208932704932917 0.002357458755698384 0.001637053727429501 0.0011102222298439073
0.000662924486274905 0.0010280102137971312 0.001637053727429505 0.001999878299736978 0.0017178918256242658 0.0013647071293334772 0.0010280102137971345 0.0007512179909581682
0.0005133816692288939 0.0007512179909581768 0.0010944131006952148 0.0011102222298439073 0.0009902874207169763 0.0008295534684593217 0.0006629244862749031 0.0005133816692288979
* 2 0.928407037978282 3 5 0.009744978749414945
0.0005133816692288972 0.0006629244862749038 0.0008295534684593208 0.0009902874207169865 0.001110222229843911 0.001155077129774373 0.001110222229843911 0.0009902874207169865
0.0007512179909581733 0.0010280102137971315 0.0013647071293334898 0.001717891825624269 0.0019998782997369823 0.0021094545968546445 0.0019998782997369823 0.001717891825624269
0.001110222229843911 0.0016370537274294993 0.002357458755698377 0.003208932704932925 0.0039618337990413345 0.004272535977809622 0.0039618337990413345 0.003208932704932925
0.0016370537274294993 0.0026519185765754576 0.004272535977809622 0.006550275392249433 0.008917145349034226 0.009744978749414945 0.007371202900687856 0.004272535977809633
0.0017178918256242673 0.00318360736867677 0.005465921707179681 0.008153225260035035 0.008153225260035039 0.006434130780863404 0.004272535977809633 0.002651918576575466
0.0013647071293334785 0.002183114151316745 0.0031836073686767673 0.003779916278139771 0.003779916278139767 0.00318360736867677 0.002357458755698384 0.001637053727429501
0.0009899107609168188 0.0013647071293334978 0.0017178918256242738 0.0019476792927271861 0.0019476792927271872 0.0017178918256242658 0.0013647071293334772 0.0010280102137971345
0.000662924486274905 0.0008295534684593141 0.0009902874207169802 0.0010944131006952148 0.0010944131006952152 0.0009902874207169763 0.0008295534684593217 0.0006629244862749031
* 3 0.9156924448977949 3 4 0.014442702421455206
0.0005133816692288972 0.0007512179909581733 0.001110222229843911 0.0016370537274294993 0.002357458755698377 0.003208932704932925 0.0023278000193280085 0.0013647071293334772
0.0006629244862749038 0.0010280102137971315 0.0016370537274294993 0.0026519185765754576 0.004272535977809622 0.005465921707179681 0.003208932704932917 0.0017178918256242658
0.0008295534684593208 0.0013647071293334898 0.002357458755698377 0.004272535977809622 0.008002672763377178 0.00849265784986482 0.0039618337990413345 0.001999878299736978
0.0009902874207169865 0.001717891825624269 0.003208932704932925 0.006550275392249433 0.014442702421455206 0.009962520273913115 0.004272535977809633 0.0021094545968546384
0.001110222229843911 0.0019998782997369823 0.0039618337990413345 0.008917145349034226 0.01386150855724388 0.00891714534903424 0.0039618337990413345 0.001999878299736978
0.001155077129774373 0.0021094545968546445 0.004272535977809622 0.009997872057640947 0.014442702421455202 0.006550275392249426 0.003208932704932917 0.0017178918256242658
0.001110222229843911 0.0019998782997369823 0.0039618337990413345 0.008796780346246147 0.007951738042712445 0.004272535977809633 0.002357458755698384 0.0013647071293334772
0.0009902874207169865 0.001717891825624269 0.003208932704932925 0.005465921707179681 0.004272535977809633 0.002651918576575466 0.001637053727429501 0.0010280102137971345
* 4 0.9392715201365622 4 4 0.006339762953381384
0.00029468216434674243 0.00039047077766646797 0.0005133816692288972 0.0006629244862749038 0.0008295534684593208 0.0009902874207169865 0.0010944131006952146 0.0009902874207169802
0.00039047077766646797 0.0005418937356811047 0.0007512179909581733 0.0010280102137971315 0.0013647071293334898 0.001717891825624269 0.0018704352201060568 0.001110222229843901
0.0005133816692288972 0.0007512179909581733 0.001110222229843911 0.0016370537274294993 0.002357458755698377 0.003183607368676769 0.002109454596854656 0.001155077129774369
0.0006629244862749038 0.0010280102137971315 0.0016370537274294993 0.0026519185765754576 0.004272535977809622 0.003961833799041338 0.0019998782997369745 0.001110222229843901
0.0008295534684593208 0.0013647071293334898 0.002357458755698377 0.004272535977809622 0.006339762953381384 0.0032089327049329205 0.0017178918256242738 0.0009902874207169802
0.0009902874207169865 0.001601558216591264 0.002357458755698384 0.003208932704932917 0.003779916278139767 0.002357458755698376 0.0013647071293334978 0.0008295534684593141
0.0007512179909581682 0.0010280102137971345 0.0013647071293334772 0.0017178918256242658 0.001999878299736978 0.001637053727429505 0.0010280102137971312 0.000662924486274905
0.0005133816692288979 0.0006629244862749031 0.0008295534684593217 0.0009902874207169763 0.0011102222298439073 0.0010944131006952148 0.0007512179909581768 0.0005133816692288939
* 5 0.9517368351028705 3 3 0.010298072306237907
0.0010280102137971315 0.0013647071293334898 0.001717891825624269 0.0017178918256242665 0.0013647071293334855 0.0010278283335058646 0.0007301963923703323 0.0005133816692288952
0.0016370537274294993 0.002357458755698377 0.003183607368676769 0.0031836073686767694 0.0023278000193280115 0.0015471293027302987 0.001027828333505868 0.000662924486274908
0.001999878299736978 0.003779916278139767 0.006198698082514477 0.006339762953381386 0.003765208442288595 0.0023278000193280098 0.0013647071293334848 0.0008295534684593231
0.0017178918256242658 0.003208932704932917 0.006550275392249426 0.010298072306237907 0.006339762953381385 0.0032089327049329114 0.0017178918256242615 0.000990287420716987
0.0013647071293334772 0.002357458755698384 0.004272535977809633 0.008002672763377199 0.00849265784986486 0.003961833799041337 0.00199987829973697 0.001110222229843908
0.0010280102137971345 0.001637053727429501 0.002651918576575466 0.004272535977809633 0.006486353098973531 0.004272535977809634 0.0021094545968546523 0.0011550771297743746
0.0007512179909581682 0.0011102222298439073 0.001637053727429501 0.002357458755698384 0.003208932704932917 0.003518558911057615 0.00199987829973697 0.001110222229843908
0.0005418937356811051 0.0007512179909581682 0.0010280102137971345 0.0013647071293334772 0.0017178918256242658 0.001999878299736978 0.0017178918256242615 0.000990287420716987
* 6 0.9377036288444234 4 4 0.006550275392249426
0.00039047077766646797 0.0005133816692288972 0.0006629244862749038 0.0008295534684593208 0.0009902874207169865 0.0009902874207169824 0.0008295534684593238 0.0006629244862749032
0.0005418937356811047 0.0007512179909581733 0.0010280102137971315 0.0013647071293334898 0.001717891825624269 0.0017178918256242665 0.0013647071293334855 0.001028010213797128
0.0007512179909581733 0.001110222229843911 0.0016370537274294993 0.002357458755698377 0.003183607368676769 0.0031836073686767694 0.002357458755698398 0.0016370537274294885
0.0010280102137971315 0.0016370537274294993 0.0026519185765754576 0.004272535977809622 0.006434130780863392 0.00619869808251448 0.0037799162781397707 0.0019998782997369745
0.0010280102137971345 0.001637053727429501 0.002651918576575466 0.004272535977809633 0.006550275392249426 0.006434130780863393 0.0032089327049329205 0.0017178918256242738
0.0007512179909581682 0.0011102222298439073 0.001637053727429501 0.002357458755698384 0.003208932704932917 0.003779916278139767 0.002357458755698376 0.0013647071293334978
0.0005418937356811051 0.0007512179909581682 0.0010280102137971345 0.0013647071293334772 0.0017178918256242658 0.001999878299736978 0.001637053727429505 0.0010280102137971312
0.00039047077766646965 0.0005133816692288979 0.0006629244862749031 0.0008295534684593217 0.0009902874207169763 0.0011102222298439073 0.0010944131006952148 0.0007512179909581768
* 7 0.9576264560463624 6 4 0.01513355588080636
0.000390470777666467 0.0005418937356811071 0.0007512179909581677 0.000978147855549795 0.001110222229843911 0.0010280102137971332 0.0007512179909581716 0.0005418937356811084
0.0005133816692288958 0.0007512179909581677 0.0011102222298439053 0.001601558216591265 0.001999858790555974 0.0016370537274294913 0.0011102222298438995 0.0007512179909581716
0.0006629244862749032 0.001028010213797128 0.0016370537274294885 0.0026386893405615916 0.003673763437877763 0.00265191857657545 0.0016370537274294913 0.0010280102137971332
0.0008295534684593238 0.0013647071293334855 0.002357458755698398 0.00427253597780964 0.0064595238992131545 0.004272535977809629 0.002357458755698383 0.0013647071293334785
0.0009902874207169824 0.0017178918256242665 0.003208932704932912 0.006550275392249425 0.010298072306237908 0.006550275392249423 0.0032089327049329265 0.0017178918256242673
0.0011102222298439053 0.0019998782997369814 0.003961833799041335 0.008917145349034228 0.013861508557243885 0.008917145349034244 0.003961833799041348 0.001999878299736981
0.0011550771297743755 0.0021094545968546484 0.00427253597780964 0.009935746236581812 0.01513355588080636 0.009962520273913126 0.004272535977809629 0.0021094545968546475
0.0011102222298439053 0.0019998782997369814 0.003961833799041335 0.0070519047135352165 0.009935746236581949 0.007051904713535218 0.003961833799041348 0.001999878299736981
* 8 0.928407037978283 5 4 0.009744978749414943
0.00029468216434674243 0.00039047077766646797 0.0005133816692288972 0.0006629244862749038 0.0008295534684593208 0.0009902874207169865 0.0007512179909581768 0.0005133816692288939
0.00039047077766646797 0.0005418937356811047 0.0007512179909581733 0.0010280102137971315 0.0013647071293334898 0.0016015582165912635 0.0010280102137971312 0.000662924486274905
0.0005133816692288972 0.0007512179909581733 0.001110222229843911 0.0016370537274294993 0.002357458755698377 0.002357458755698376 0.0013647071293334978 0.0008295534684593141
0.0006629244862749038 0.0010280102137971315 0.0016370537274294993 0.0026519185765754576 0.004272535977809622 0.0032089327049329205 0.0017178918256242738 0.0009902874207169802
0.0008295534684593208 0.0013647071293334898 0.002357458755698377 0.004272535977809622 0.007371202900687847 0.003961833799041338 0.0019998782997369745 0.001110222229843901
0.0009902874207169865 0.001717891825624269 0.003208932704932925 0.006486353098973542 0.009744978749414943 0.004272535977809628 0.002109454596854656 0.001155077129774369
0.0010662412053873557 0.0018704352201060574 0.003518558911057615 0.0070519047135352165 0.00879678034624614 0.003961833799041338 0.0019998782997369745 0.001110222229843901
0.0009902874207169783 0.0017178918256242673 0.0032089327049329265 0.006434130780863402 0.005465921707179681 0.0032089327049329205 0.0017178918256242738 0.0009902874207169802
* 9 0.9156924448977957 6 3 0.014442702421455213
0.0008295534684593208 0.0009902874207169865 0.001110222229843911 0.001155077129774373 0.0010278283335058646 0.0007512179909581677 0.0005418937356811071 0.000390470777666467
0.0013002794302093726 0.001717891825624269 0.0019998782997369823 0.0020863719327078507 0.0016370537274294885 0.0011102222298439053 0.0007512179909581677 0.0005133816692288958
0.0017178918256242738 0.0029051211407397077 0.0039618337990413345 0.0037652084422885954 0.0026519185765754567 0.0016370537274294885 0.001028010213797128 0.0006629244862749032
0.0019998782997369745 0.003961833799041338 0.0070519047135352165 0.0077022743684685546 0.00427253597780964 0.002357458755698398 0.0013647071293334855 0.0008295534684593238
0.002109454596854656 0.004272535977809628 0.009962520273913094 0.013570874548425708 0.006550275392249425 0.003208932704932912 0.0017178918256242665 0.0009902874207169824
0.0019998782997369745 0.003961833799041338 0.008917145349034226 0.013861508557243885 0.008917145349034228 0.003961833799041335 0.0019998782997369814 0.0011102222298439053
0.0017178918256242738 0.0032089327049329205 0.006550275392249424 0.014442702421455213 0.0099625202739131 0.00427253597780964 0.0021094545968546484 0.0011550771297743755
0.0013647071293334978 0.002357458755698376 0.004272535977809628 0.00795173804271244 0.008492657849864796 0.003961833799041335 0.0019998782997369814 0.0011102222298439053
* 10 0.9186238093466008 3 3 0.013055486178181305
0.0007512179909581677 0.0011102222298439053 0.001601558216591265 0.0019998587905559685 0.0021094545968546445 0.0019998782997369823 0.0016197029131887275 0.0009902874207169802
0.001028010213797128 0.0016370537274294885 0.0026386893405615916 0.003779916278139773 0.004272535977809622 0.003518558911057615 0.0019998782997369745 0.001110222229843901
0.0013647071293334855 0.002357458755698398 0.00427253597780964 0.007371202900687852 0.007720795742167414 0.004272535977809628 0.002109454596854656 0.001155077129774369
0.0017178918256242665 0.003208932704932912 0.00648635309897354 0.013055486178181305 0.008917145349034226 0.003961833799041338 0.0019998782997369745 0.001110222229843901
0.0018704352201060574 0.0035185589110576154 0.006929129084968527 0.010298072306237898 0.006550275392249424 0.0032089327049329205 0.0017178918256242738 0.0009902874207169802
0.001601558216591264 0.002638689340561575 0.004272535977809633 0.006339762953381386 0.004272535977809628 0.002357458755698376 0.0013647071293334978 0.0008295534684593141
0.0011102222298439073 0.001637053727429501 0.002357458755698384 0.003208932704932917 0.002651918576575444 0.001637053727429505 0.0010280102137971312 0.000662924486274905
0.0007512179909581682 0.0010280102137971345 0.0013647071293334772 0.0017178918256242658 0.001637053727429505 0.001110222229843901 0.0007512179909581768 0.0005133816692288939
* 11 0.9308965900859315 4 3 0.00849265784986482
0.0005133816692288972 0.0006629244862749038 0.0008295534684593208 0.0009902874207169865 0.001110222229843911 0.001155077129774373 0.0010278283335058685 0.000662924486274908
0.0007512179909581733 0.0010280102137971315 0.0013647071293334898 0.001717891825624269 0.0019998782997369823 0.0020863719327078507 0.0013647071293334848 0.0008295534684593231
0.001110222229843911 0.0016370537274294993 0.002357458755698377 0.003208932704932925 0.0039618337990413345 0.0032089327049329114 0.0017178918256242615 0.000990287420716987
0.0016370537274294993 0.0026519185765754576 0.004272535977809622 0.006550275392249433 0.0070519047135352165 0.003518558911057615 0.0018704352201060568 0.0010662412053873557
0.0023278000193280098 0.0037652084422885954 0.006339762953381386 0.00849265784986482 0.006358388558185101 0.0032089327049329205 0.0017178918256242738 0.0009902874207169802
0.001637053727429501 0.002357458755698384 0.003208932704932917 0.0039618337990413345 0.003765208442288595 0.002357458755698376 0.0013647071293334978 0.0008295534684593141
0.0010280102137971345 0.0013647071293334772 0.0017178918256242658 0.001999878299736978 0.0021094545968546384 0.001637053727429505 0.0010280102137971312 0.000662924486274905
0.0006629244862749031 0.0008295534684593217 0.0009902874207169763 0.0011102222298439073 0.0011550771297743733 0.0010662412053873557 0.0007512179909581768 0.0005133816692288939
* 12 0.9331561161151833 4 4 0.007951738042712445
0.00039047077766646797 0.0005133816692288972 0.0006629244862749038 0.0008295534684593208 0.0009902874207169865 0.001110222229843911 0.001155077129774373 0.001110222229843911
0.0005418937356811047 0.0007512179909581733 0.0010280102137971315 0.0013647071293334898 0.001717891825624269 0.0019998782997369823 0.0021094545968546445 0.0019476792927271874
0.0007512179909581733 0.001110222229843911 0.0016370537274294993 0.002357458755698377 0.003208932704932925 0.0039618337990413345 0.003779916278139767 0.001999878299736978
0.0010280102137971315 0.0016370537274294993 0.0026519185765754576 0.004272535977809622 0.006550275392249433 0.006434130780863404 0.003208932704932917 0.0017178918256242658
0.0013647071293334898 0.002357458755698377 0.004272535977809622 0.007951738042712438 0.007951738042712445 0.004272535977809633 0.002357458755698384 0.0013647071293334772
0.001717891825624269 0.003208932704932925 0.006198698082514477 0.006486353098973531 0.004272535977809633 0.002651918576575466 0.001637053727429501 0.0010280102137971345
0.0019998587905559677 0.0031836073686767686 0.003518558911057615 0.003208932704932917 0.002357458755698384 0.001637053727429501 0.0011102222298439073 0.0007512179909581682
0.0013647071293334978 0.0017178918256242738 0.0018704352201060585 0.0017178918256242658 0.0013647071293334772 0.0010280102137971345 0.0007512179909581682 0.0005418937356811051
* 13 0.9403480010139939 3 3 0.006024086835955442
0.0005133816692288972 0.0006629244862749038 0.0008295534684593208 0.0009902874207169865 0.001110222229843911 0.001155077129774373 0.001110222229843911 0.000978147855549795
0.0007301963923703319 0.001027828333505865 0.0013647071293334898 0.001717891825624269 0.0019998782997369823 0.0021094545968546445 0.0018704352201060568 0.0011102222298439073
0.0010278283335058646 0.0015471293027302987 0.0023278000193280098 0.003208932704932925 0.0039618337990413345 0.003208932704932917 0.0017178918256242658 0.0009902874207169763
0.0013647071293334855 0.002327800019328011 0.0037652084422885954 0.006024086835955442 0.004272535977809633 0.002357458755698384 0.0013647071293334772 0.0008295534684593217
0.0017178918256242665 0.003208932704932912 0.005465921707179681 0.004272535977809633 0.002651918576575466 0.001637053727429501 0.0010280102137971345 0.0006629244862749031
0.001999858790555969 0.003518558911057614 0.003208932704932917 0.002357458755698384 0.001637053727429501 0.0011102222298439073 0.0007512179909581682 0.0005133816692288979
0.0016370537274294913 0.001999878299736978 0.0017178918256242658 0.0013647071293334772 0.0010280102137971345 0.0007512179909581682 0.0005418937356811051 0.00039047077766646965
0.0010944131006952143 0.0011102222298439073 0.0009902874207169763 0.0008295534684593217 0.0006629244862749031 0.0005133816692288979 0.00039047077766646965 0.00029468216434674373
* 14 0.928798395743504 5 3 0.019079363776047506
0.0006629244862749038 0.0008295534684593208 0.0009902874207169865 0.001110222229843911 0.001155077129774373 0.0010278283335058646 0.0007512179909581677 0.0005418937356811071
0.0009899107609168186 0.0013647071293334898 0.001717891825624269 0.0019998782997369823 0.0020863719327078507 0.0016370537274294885 0.0011102222298439053 0.0007512179909581677
0.0013647071293334848 0.002183114151316745 0.003208932704932925 0.0039618337990413345 0.0037652084422885954 0.0026519185765754567 0.0016370537274294885 0.001028010213797128
0.0017178918256242615 0.0032089327049329114 0.005465921707179681 0.008492657849864905 0.0077022743684685546 0.00427253597780964 0.002357458755698398 0.0013647071293334855
0.00199987829973697 0.003961833799041337 0.008796780346246143 0.01386150855724388 0.0142499923369307 0.006434130780863396 0.00318360736867677 0.0017178918256242665
0.0021094545968546523 0.004272535977809634 0.009744978749414946 0.019079363776047506 0.014249992336930714 0.006434130780863394 0.003183607368676768 0.0017178918256242738
0.00199987829973697 0.0037799162781397702 0.006434130780863404 0.00879678034624614 0.007702274368468565 0.004272535977809628 0.002357458755698376 0.0013647071293334978
0.001601558216591264 0.002357458755698384 0.003208932704932917 0.0039618337990413345 0.003765208442288595 0.002651918576575444 0.001637053727429505 0.0010280102137971312
* 15 0.939398791068805 4 3 0.008153225260035046
0.0005133816692288958 0.0007512179909581677 0.0011102222298439053 0.0013647071293334898 0.0010280102137971315 0.0007512179909581733 0.0005418937356811047 0.00039047077766646797
0.0006629244862749032 0.001028010213797128 0.0016370537274294885 0.0023278000193280098 0.0016370537274294993 0.001110222229843911 0.0007512179909581733 0.0005133816692288972
0.0008295534684593238 0.0013647071293334855 0.002357458755698398 0.0037652084422885954 0.0026519185765754576 0.0016370537274294993 0.0010280102137971315 0.0006629244862749038
0.0009902874207169824 0.0017178918256242665 0.003208932704932912 0.006339762953381385 0.004272535977809622 0.002357458755698377 0.0013647071293334898 0.0008295534684593208
0.0011102222298439053 0.0019998782997369814 0.003961833799041335 0.008153225260035046 0.006434130780863394 0.003208932704932925 0.001717891825624269 0.0009902874207169865
0.0011550771297743755 0.0021094545968546484 0.003779916278139767 0.004272535977809633 0.0039618337990413345 0.0031836073686767694 0.0019998587905559677 0.001110222229843911
0.0011102222298439053 0.0017178918256242658 0.001999878299736978 0.0021094545968546384 0.001999878299736978 0.0017178918256242658 0.0013647071293334772 0.0010280102137971345
0.0008295534684593217 0.0009902874207169763 0.0011102222298439073 0.0011550771297743733 0.0011102222298439073 0.0009902874207169763 0.0008295534684593217 0.0006629244862749031
* 16 0.9393987910688051 4 3 0.008153225260035046
0.0005133816692288972 0.0006629244862749038 0.0008295534684593208 0.0009902874207169865 0.001110222229843911 0.001155077129774373 0.001110222229843911 0.0008295534684593166
0.0007301963923703319 0.001027828333505865 0.0013647071293334898 0.001717891825624269 0.0019998782997369823 0.0021094545968546445 0.0017178918256242673 0.0009902874207169783
0.0010278283335058646 0.0015471293027302987 0.0023278000193280098 0.003208932704932925 0.0039618337990413345 0.003779916278139773 0.001999878299736981 0.0011102222298438995
0.0011550771297743746 0.0020863719327078524 0.0037652084422885954 0.006339762953381385 0.00815322526003504 0.004272535977809629 0.0021094545968546475 0.0011550771297743733
0.001110222229843908 0.00199987829973697 0.003961833799041337 0.008153225260035046 0.007051904713535218 0.003961833799041348 0.001999878299736981 0.0011102222298438995
0.000990287420716987 0.0017178918256242615 0.003183607368676769 0.004272535977809633 0.0039618337990413345 0.002905121140739707 0.0017178918256242673 0.0009902874207169783
0.0008295534684593231 0.0013647071293334848 0.001999858790555969 0.0021094545968546384 0.001999878299736978 0.0017178918256242658 0.0013002794302093726 0.0008295534684593166
0.000662924486274908 0.000978147855549795 0.0011102222298439073 0.0011550771297743733 0.0011102222298439073 0.0009902874207169763 0.0008295534684593217 0.0006464275792869238
* 17 0.9465267150921342 4 5 0.00427253597780964
0.00029468216434674243 0.00039047077766646797 0.0005133816692288972 0.0006629244862749038 0.0008041358075873066 0.0006629244862749032 0.0005133816692288958 0.000390470777666467
0.00039047077766646797 0.0005418937356811047 0.0007512179909581733 0.0010280102137971315 0.0013002794302093726 0.001028010213797128 0.0007512179909581677 0.0005418937356811071
0.0005133816692288972 0.0007512179909581733 0.001110222229843911 0.0016370537274294993 0.002183114151316745 0.0016370537274294885 0.0011102222298439053 0.0007512179909581677
0.0006629244862749038 0.0010280102137971315 0.0016370537274294993 0.0026519185765754576 0.0037652084422885954 0.0026519185765754567 0.0016370537274294885 0.001028010213797128
0.0006629244862749031 0.0010280102137971345 0.001637053727429501 0.002651918576575466 0.004272535977809633 0.00427253597780964 0.002357458755698398 0.0013647071293334855
0.0005133816692288979 0.0007512179909581682 0.0011102222298439073 0.001637053727429501 0.002357458755698384 0.003208932704932917 0.00318360736867677 0.0017178918256242665
0.00039047077766646965 0.0005418937356811051 0.0007512179909581682 0.0010280102137971345 0.0013647071293334772 0.0017178918256242658 0.001999878299736978 0.001947679292727188
0.00029468216434674373 0.00039047077766646965 0.0005133816692288979 0.0006629244862749031 0.0008295534684593217 0.0009902874207169763 0.0011102222298439073 0.0011550771297743733
* 18 0.9332468596663186 4 4 0.0078663735952148
0.00039047077766646797 0.0005133816692288972 0.0006629244862749038 0.0008295534684593208 0.0009902874207169865 0.0009902874207169824 0.0008295534684593238 0.0006629244862749032
0.0005418937356811047 0.0007512179909581733 0.0010280102137971315 0.0013647071293334898 0.001717891825624269 0.0017178918256242665 0.0013647071293334855 0.001028010213797128
0.0007512179909581733 0.001110222229843911 0.0016370537274294993 0.002357458755698377 0.003183607368676769 0.0031836073686767694 0.002357458755698398 0.0016370537274294885
0.0010280102137971315 0.0016370537274294993 0.0026519185765754576 0.004272535977809622 0.006434130780863392 0.005465921707179681 0.003208932704932917 0.0017178918256242658
0.0011102222298438995 0.0019998587905559638 0.003779916278139773 0.007371202900687849 0.0078663735952148 0.004272535977809633 0.002357458755698384 0.0013647071293334772
0.0009902874207169783 0.0017178918256242673 0.0032089327049329265 0.005465921707179681 0.004272535977809633 0.002651918576575466 0.001637053727429501 0.0010280102137971345
0.0008295534684593166 0.0013647071293334785 0.002357458755698383 0.00318360736867677 0.002357458755698384 0.001637053727429501 0.0011102222298439073 0.0007512179909581682
0.0006629244862749021 0.0010280102137971332 0.0016370537274294913 0.0017178918256242658 0.0013647071293334772 0.0010280102137971345 0.0007512179909581682 0.0005418937356811051
* 19 0.9546644521683211 3 4 0.0037652084422885954
0.00029468216434674243 0.00039047077766646797 0.0005133816692288972 0.0006629244862749038 0.0008295534684593208 0.000978147855549795 0.0007512179909581677 0.0005418937356811071
0.00039047077766646797 0.0005418937356811047 0.0007512179909581733 0.0010280102137971315 0.0013647071293334898 0.001601558216591265 0.0011102222298439053 0.0007512179909581677
0.0005133816692288972 0.0007512179909581733 0.001110222229843911 0.0016370537274294993 0.002357458755698377 0.0026329994604728534 0.001601558216591264 0.000978147855549795
0.0006629244862749038 0.0010280102137971315 0.0016370537274294993 0.0026519185765754576 0.0037652084422885954 0.002357458755698384 0.0013647071293334772 0.0008295534684593217
0.0008295534684593208 0.0013647071293334898 0.002357458755698377 0.0037652084422885954 0.002651918576575466 0.001637053727429501 0.0010280102137971345 0.0006629244862749031
0.0009902874207169865 0.001717891825624269 0.0029051211407397073 0.002357458755698384 0.001637053727429501 0.0011102222298439073 0.0007512179909581682 0.0005133816692288979
0.001110222229843911 0.0018704352201060568 0.0017178918256242658 0.0013647071293334772 0.0010280102137971345 0.0007512179909581682 0.0005418937356811051 0.00039047077766646965
0.0011077359543931256 0.0011102222298439073 0.0009902874207169763 0.0008295534684593217 0.0006629244862749031 0.0005133816692288979 0.00039047077766646965 0.00029468216434674373
* 20 0.9291773729514822 4 2 0.00916384572198347
0.0010944131006952146 0.0010944131006952156 0.0009902874207169824 0.0008295534684593238 0.0006629244862749032 0.0005133816692288958 0.000390470777666467 0.00029468216434674557
0.001947679292727187 0.0019476792927271883 0.0017178918256242665 0.0013647071293334855 0.001028010213797128 0.0007512179909581677 0.0005418937356811071 0.000390470777666467
0.003779916278139773 0.003779916278139774 0.0031836073686767694 0.002357458755698398 0.0016370537274294885 0.0011102222298439053 0.0007512179909581677 0.0005133816692288958
0.008153225260035042 0.008153225260035046 0.0064341307808633945 0.00427253597780964 0.0026519185765754567 0.0016370537274294885 0.001028010213797128 0.0006629244862749032
0.006550275392249426 0.00891714534903424 0.00916384572198347 0.0064595238992131545 0.003765208442288595 0.002183114151316745 0.0013002794302093726 0.0008041358075873051
0.003208932704932917 0.0039618337990413345 0.004272535977809633 0.003779916278139767 0.002638689340561582 0.001637053727429505 0.0010280102137971312 0.000662924486274905
0.0017178918256242658 0.001999878299736978 0.0021094545968546384 0.001999858790555969 0.001601558216591264 0.001110222229843901 0.0007512179909581768 0.0005133816692288939
0.0009902874207169763 0.0011102222298439073 0.0011550771297743733 0.0011102222298439073 0.000978147855549795 0.0007512179909581768 0.0005418937356811028 0.0003904707776664717
* 21 0.9308965900859381 4 4 0.008492657849864743
0.0003848719134284485 0.0005133816692288972 0.0006629244862749038 0.0008295534684593208 0.0009902874207169865 0.001110222229843911 0.001155077129774373 0.0008295534684593166
0.0005133816692288958 0.0007301963923703319 0.001027828333505865 0.0013647071293334898 0.001717891825624269 0.0019998782997369823 0.0017178918256242673 0.0009902874207169783
0.0006629244862749032 0.0010278283335058646 0.0015471293027302987 0.0023278000193280098 0.003208932704932925 0.003518558911057615 0.001999878299736981 0.0011102222298438995
0.0008295534684593238 0.0013647071293334855 0.002327800019328011 0.0037652084422885954 0.006339762953381385 0.004272535977809629 0.0021094545968546475 0.0011550771297743733
0.0009902874207169824 0.0017178918256242665 0.003208932704932912 0.006024086835955451 0.008492657849864743 0.003961833799041348 0.001999878299736981 0.0011102222298438995
0.0010278283335058644 0.001637053727429505 0.002651918576575444 0.004272535977809628 0.005465921707179681 0.0032089327049329265 0.0017178918256242673 0.0009902874207169783
0.0007512179909581768 0.001110222229843901 0.001637053727429505 0.002357458755698376 0.0029051211407397073 0.002183114151316745 0.0013647071293334785 0.0008295534684593166
0.0005418937356811028 0.0007512179909581768 0.0010280102137971312 0.0013647071293334978 0.001619702913188726 0.0013647071293334772 0.0009899107609168186 0.0006629244862749021
* 22 0.9108943384984005 2 3 0.021931144984824416
0.0016370537274294993 0.0026519185765754576 0.004272535977809622 0.006550275392249433 0.0070519047135352165 0.0039618337990413345 0.001999878299736978 0.0011102222298439073
0.002357458755698377 0.004272535977809622 0.007951738042712438 0.014442702421455206 0.009962520273913115 0.004272535977809633 0.0021094545968546384 0.0011550771297743733
0.003183607368676769 0.006434130780863392 0.014249992336930726 0.021931144984824416 0.00891714534903424 0.0039618337990413345 0.001999878299736978 0.0011102222298439073
0.003779916278139773 0.008153225260035042 0.018851506852407253 0.014747200771779696 0.006550275392249426 0.003208932704932917 0.0017178918256242658 0.0009902874207169763
0.0036737634378777653 0.007371202900687846 0.010298072306237903 0.008002672763377199 0.004272535977809633 0.002357458755698384 0.0013647071293334772 0.0008295534684593217
0.002638689340561582 0.004272535977809629 0.005465921707179681 0.004272535977809633 0.002651918576575466 0.001637053727429501 0.0010280102137971345 0.0006629244862749031
0.0016370537274294913 0.002357458755698383 0.002905121140739707 0.002357458755698384 0.001637053727429501 0.0011102222298439073 0.0007512179909581682 0.0005133816692288979
0.0010280102137971332 0.0013647071293334785 0.001619702913188726 0.0013647071293334772 0.0010280102137971345 0.0007512179909581682 0.0005418937356811051 0.00039047077766646965
* 23 0.9392715201365621 3 3 0.006339762953381385
0.0008041358075873069 0.0009902874207169865 0.0010662412053873557 0.0009902874207169824 0.0008295534684593238 0.0006629244862749032 0.0005133816692288958 0.000390470777666467
0.0009902874207169783 0.0016197029131887254 0.0018704352201060574 0.0017178918256242665 0.0013647071293334855 0.001028010213797128 0.0007512179909581677 0.0005418937356811071
0.0011102222298438995 0.001999878299736981 0.003518558911057614 0.003208932704932912 0.002357458755698398 0.0016370537274294885 0.0011102222298439053 0.0007512179909581677
0.0011550771297743733 0.0021094545968546475 0.004272535977809629 0.006339762953381385 0.003765208442288595 0.0023278000193280085 0.0013647071293334772 0.0008295534684593217
0.0011102222298438995 0.001999878299736981 0.003961833799041348 0.004272535977809633 0.002651918576575466 0.001637053727429501 0.0010280102137971345 0.0006629244862749031
0.0009902874207169783 0.0017178918256242673 0.002905121140739707 0.002357458755698384 0.001637053727429501 0.0011102222298439073 0.0007512179909581682 0.0005133816692288979
0.0008295534684593166 0.0013647071293334785 0.0017178918256242658 0.0013647071293334772 0.0010280102137971345 0.0007512179909581682 0.0005418937356811051 0.00039047077766646965
0.0006629244862749021 0.0010278283335058659 0.0009902874207169763 0.0008295534684593217 0.0006629244862749031 0.0005133816692288979 0.00039047077766646965 0.00029468216434674373
* 24 0.928407037978282 3 4 0.009744978749414945
0.0006629244862749038 0.0008295534684593208 0.0009902874207169865 0.001110222229843911 0.001155077129774373 0.001110222229843911 0.0009902874207169865 0.0008295534684593208
0.0009781478555497948 0.0013647071293334898 0.001717891825624269 0.0019998782997369823 0.0021094545968546445 0.0019998782997369823 0.001717891825624269 0.0013647071293334898
0.0011102222298438995 0.0019998587905559638 0.0031836073686767677 0.0039618337990413345 0.004272535977809622 0.0039618337990413345 0.003208932704932925 0.002357458755698377
0.0011550771297743733 0.0020863719327078507 0.003765208442288595 0.007371202900687856 0.009744978749414945 0.008917145349034226 0.006434130780863392 0.003779916278139771
0.0010278283335058646 0.001637053727429501 0.002651918576575466 0.004272535977809633 0.006550275392249426 0.00891714534903424 0.007720795742167411 0.004272535977809634
0.0007512179909581682 0.0011102222298439073 0.001637053727429501 0.002357458755698384 0.003208932704932917 0.0039618337990413345 0.004272535977809633 0.003518558911057615
0.0005418937356811051 0.0007512179909581682 0.0010280102137971345 0.0013647071293334772 0.0017178918256242658 0.001999878299736978 0.0021094545968546384 0.001999878299736978
0.00039047077766646965 0.0005133816692288979 0.0006629244862749031 0.0008295534684593217 0.0009902874207169763 0.0011102222298439073 0.0011550771297743733 0.0011102222298439073
* 25 0.928407037978282 6 4 0.009744978749414945
0.0005133816692288972 0.0006629244862749038 0.0008295534684593208 0.0009902874207169865 0.0010278283335058646 0.0007512179909581677 0.0005418937356811071 0.000390470777666467
0.0007512179909581733 0.0010280102137971315 0.0013647071293334898 0.001717891825624269 0.0016370537274294885 0.0011102222298439053 0.0007512179909581677 0.0005133816692288958
0.0009902874207169783 0.0016015582165912643 0.002357458755698377 0.003208932704932925 0.0026519185765754567 0.0016370537274294885 0.001028010213797128 0.0006629244862749032
0.0011102222298438995 0.001999878299736981 0.003779916278139773 0.006339762953381385 0.00427253597780964 0.002357458755698398 0.0013647071293334855 0.0008295534684593238
0.0011550771297743733 0.0021094545968546475 0.004272535977809629 0.009163845721983472 0.006550275392249425 0.003208932704932912 0.0017178918256242665 0.0009902874207169824
0.0011102222298438995 0.001999878299736981 0.003961833799041348 0.008917145349034244 0.008917145349034228 0.003961833799041335 0.0019998782997369814 0.0011102222298439053
0.0009902874207169783 0.0017178918256242673 0.0032089327049329265 0.006550275392249423 0.009744978749414945 0.00427253597780964 0.0021094545968546484 0.0011550771297743755
0.0008295534684593166 0.0013647071293334785 0.002357458755698383 0.004272535977809629 0.007371202900687846 0.003961833799041335 0.0019998782997369814 0.0011102222298439053
* 26 0.9393987910688051 4 3 0.008153225260035046
0.0005034629597519673 0.0006629244862749038 0.0008295534684593208 0.0009902874207169865 0.0010944131006952146 0.0010944131006952156 0.0009781478555497952 0.000662924486274905
0.000662924486274908 0.0009899107609168186 0.0013647071293334898 0.001717891825624269 0.001947679292727187 0.0019476792927271883 0.0013647071293334978 0.0008295534684593141
0.0008295534684593231 0.0013647071293334848 0.002183114151316745 0.003183607368676769 0.003779916278139773 0.003183607368676768 0.0017178918256242738 0.0009902874207169802
0.000990287420716987 0.0017178918256242615 0.0032089327049329114 0.005465921707179681 0.0070519047135352165 0.003961833799041338 0.0019998782997369745 0.001110222229843901
0.001110222229843908 0.00199987829973697 0.003961833799041337 0.008153225260035046 0.008153225260035039 0.004272535977809628 0.002109454596854656 0.001155077129774369
0.0011550771297743746 0.0021094545968546523 0.003779916278139767 0.004272535977809633 0.0039618337990413345 0.00318360736867677 0.001999858790555964 0.001110222229843901
0.001110222229843908 0.0017178918256242658 0.001999878299736978 0.0021094545968546384 0.001999878299736978 0.0017178918256242658 0.0013647071293334772 0.0009781478555497942
0.0008295534684593217 0.0009902874207169763 0.0011102222298439073 0.0011550771297743733 0.0011102222298439073 0.0009902874207169763 0.0008295534684593217 0.0006629244862749031
* 27 0.9331561161151924 4 3 0.007951738042712438
0.001110222229843911 0.001155077129774373 0.001110222229843911 0.0009902874207169865 0.0008295534684593208 0.0006629244862749038 0.0005133816692288972 0.00039047077766646797
0.0019476792927271874 0.0021094545968546445 0.0019998782997369823 0.001717891825624269 0.0013647071293334898 0.0010280102137971315 0.0007512179909581733 0.0005418937356811047
0.0019998782997369745 0.003779916278139771 0.0039618337990413345 0.003208932704932925 0.002357458755698377 0.0016370537274294993 0.001110222229843911 0.0007512179909581733
0.0017178918256242738 0.0032089327049329205 0.006434130780863394 0.006550275392249433 0.004272535977809622 0.0026519185765754576 0.0016370537274294993 0.0010280102137971315
0.0013647071293334978 0.002357458755698376 0.004272535977809628 0.007951738042712438 0.007866373595214596 0.004272535977809622 0.002357458755698377 0.0013647071293334898
0.0010280102137971312 0.001637053727429505 0.002651918576575444 0.004272535977809628 0.005465921707179681 0.004272535977809633 0.0026329994604728166 0.0015899546385558226
