* 0 0.942887424771083 4 5 0.002569277987684904
0.00013456589998544292 0.00017235443837678363 0.00022068070578789642 0.0002811331960002806 0.000354043933576045 0.0003877407491179064 0.0003463063173847286 0.00029860628426011304 0.00025049301019704705 0.00020597612175915207 0.00016713348542810323 0.00013456589998544555
0.00016713348542810223 0.00022068070578789642 0.0002926051323750532 0.00038774074911790104 0.0005098089042283152 0.0006023216523571715 0.0005236798841807094 0.0004370831912987989 0.0003540439335760474 0.00028113319600027345 0.0002206807057878954 0.00017235443837678403
0.00020597612175914933 0.0002811331960002806 0.00038774074911790104 0.0005381248230025221 0.0007460030836977662 0.0009614811995948365 0.0008237951871953093 0.0006583206661189709 0.0005098089042283185 0.0003877407491179064 0.00029260513237504455 0.0002206807057878954
0.0002504930101970419 0.000354043933576045 0.0005098089042283152 0.0007460030836977662 0.0011025096403528179 0.001570173663486674 0.001355214785741706 0.001020871126407988 0.0007460030836977725 0.0005381248230025234 0.0003877407491179064 0.00028113319600027345
0.0002601247632250623 0.0003877407491179014 0.0006023216523571829 0.0009614811995948369 0.0015701736634866747 0.002569277987684904 0.002288777718242021 0.0015036233114061493 0.0010128798496239532 0.0006583206661189766 0.00043708319129879365 0.00029860628426011646
0.00023701853297557885 0.00034630631738473324 0.0005236798841807118 0.0008237951871953123 0.0013552147857417054 0.0021151380139557583 0.0016256506373983348 0.0011025096403528202 0.0007460030836977718 0.0005098089042283188 0.00035404393357604694 0.0002504930101970449
0.00020951128525687694 0.00029860628426011835 0.00043708319129879907 0.0006583206661189765 0.0010208711264079802 0.0013552147857416987 0.0010208711264079837 0.0007460030836977718 0.0005381248230025244 0.00038774074911790104 0.00028113319600028055 0.00020597612175915142
0.00018065698181209876 0.0002504930101970422 0.0003540439335760477 0.0005098089042283217 0.0007460030836977771 0.0008237951871953174 0.0006583206661189766 0.0005098089042283188 0.00038774074911790104 0.000292605132375048 0.00022068070578789797 0.00016713348542810296
0.00015281925499793344 0.00020597612175915183 0.00028113319600027946 0.0003877407491179014 0.000538124823002524 0.0005236798841807106 0.00043708319129879365 0.00035404393357604694 0.00028113319600028055 0.00022068070578789797 0.0001723544383767838 0.00013456589998544642
0.00012748775115612829 0.00016713348542809974 0.0002206807057878974 0.0002926051323750477 0.0003786906355893608 0.00034630631738472966 0.00029860628426011646 0.0002504930101970449 0.00020597612175915142 0.00016713348542810296 0.00013456589998544642 0.00010797219065248577
0.0001053719878049628 0.00013456589998544607 0.00017235443837678168 0.0002206807057878974 0.0002601247632250623 0.0002370185329755823 0.00020951128525687902 0.00018065698181209935 0.00015281925499793312 0.00012748775115612636 0.00010537198780495988 8.661731652002047e-05
8.66173165200203e-05 0.00010797219065248596 0.00013456589998544607 0.00016713348542809974 0.00018065698181209935 0.00016713348542810296 0.00015061330027831221 0.0001327420697644113 0.00011491018860953227 9.811135046931875e-05 8.29345375091961e-05 6.9635817116986e-05
* 1 0.9570844165446724 5 6 0.0011025096403528179
5.824366803974644e-05 7.102719241070228e-05 8.661731652002013e-05 0.00010537198780496228 0.00012748775115612476 0.0001528192549979308 0.0001789877646064573 0.00018957445167839133 0.00017235443837678222 0.00013456589998544433 0.00010537198780496309 8.293453750919587e-05
6.963581711698582e-05 8.661731652002013e-05 0.00010797219065248801 0.00013456589998544292 0.00016713348542810223 0.00020597612175914933 0.0002504930101970419 0.0002756486361526689 0.00022068070578789558 0.00016713348542810377 0.00012748775115612362 9.811135046931794e-05
8.293453750919448e-05 0.00010537198780496228 0.00013456589998544292 0.00017235443837678363 0.00022068070578789642 0.0002811331960002806 0.000354043933576045 0.0003877407491179054 0.000281133196000279 0.00020597612175915473 0.0001528192549979328 0.00011491018860952917
9.811135046932192e-05 0.00012748775115612476 0.00016713348542810223 0.00022068070578789642 0.0002926051323750532 0.00038774074911790104 0.0005098089042283152 0.0005098089042283225 0.0003540439335760451 0.0002504930101970459 0.00018065698181209922 0.0001327420697644118
0.00011491018860952632 0.0001528192549979308 0.00020597612175914933 0.0002811331960002806 0.00038774074911790104 0.0005381248230025221 0.0007460030836977662 0.0006583206661189761 0.00043708319129879213 0.0002986062842601212 0.0002095112852568789 0.0001506133002783095
0.0001327420697644124 0.00018065698181209727 0.0002504930101970419 0.000354043933576045 0.0005098089042283152 0.0007460030836977662 0.0011025096403528179 0.0007864130940313826 0.0005074197021732117 0.00033911597933582004 0.00023384862936905716 0.00016575912216335907
0.00014956284905587606 0.00020712701081851957 0.0002933373244916924 0.000425604647614621 0.0006334123969934593 0.0009662167827501269 0.0010208711264079837 0.0006583206661189766 0.00043708319129879365 0.00029860628426011646 0.00020951128525687902 0.00015061330027831221
0.0001327420697644141 0.00018065698181209816 0.0002504930101970434 0.000354043933576049 0.000509808904228311 0.0007460030836977692 0.0007460030836977718 0.0005098089042283188 0.00035404393357604694 0.0002504930101970449 0.00018065698181209935 0.0001327420697644113
0.0001149101886095283 0.00015281925499793195 0.0002059761217591506 0.0002811331960002792 0.0003877407491179013 0.0005381248230025305 0.0005381248230025244 0.00038774074911790104 0.00028113319600028055 0.00020597612175915142 0.00015281925499793312 0.00011491018860953227
9.811135046932086e-05 0.00012748775115612438 0.0001671334854281026 0.00022068070578789537 0.0002926051323750462 0.0003877407491179013 0.00038774074911790104 0.000292605132375048 0.00022068070578789797 0.00016713348542810296 0.00012748775115612636 9.811135046931875e-05
8.29345375091939e-05 0.00010537198780495989 0.00013456589998544425 0.00017235443837678002 0.00022068070578789537 0.0002811331960002792 0.00028113319600028055 0.00022068070578789797 0.0001723544383767838 0.00013456589998544642 0.00010537198780495988 8.29345375091961e-05
6.963581711698454e-05 8.661731652001993e-05 0.00010797219065248667 0.00013456589998544425 0.0001671334854281026 0.0002059761217591506 0.00020597612175915142 0.00016713348542810296 0.00013456589998544642 0.00010797219065248577 8.661731652002047e-05 6.9635817116986e-05
* 2 0.9417252278798802 6 7 0.0018146272275359667
5.824366803974699e-05 6.963581711698575e-05 8.293453750919548e-05 9.811135046932124e-05 0.00011491018860952883 0.00013274206976441653 0.00015061330027831221 0.00016713348542810323 0.00018065698181210128 0.00018957445167839133 0.0001671334854281026 0.00012748775115612192
7.102719241070213e-05 8.661731652001965e-05 0.00010537198780495919 0.00012748775115612221 0.00015281925499793087 0.00018065698181210128 0.0002095112852568806 0.00023701853297558278 0.0002601247632250649 0.0002752702336880333 0.00020597612175915584 0.00015281925499793637
8.661731652001965e-05 0.00010797219065248738 0.00013456589998544555 0.00016713348542810323 0.00020597612175915207 0.00025049301019704705 0.00029860628426011304 0.0003463063173847286 0.0003877407491179064 0.0003540439335760483 0.0002504930101970481 0.0001806569818120984
0.00010537198780495919 0.00013456589998544555 0.00017235443837678403 0.0002206807057878954 0.00028113319600027345 0.0003540439335760474 0.0004370831912987989 0.0005236798841807094 0.0006023216523571715 0.0004370831912987915 0.00029860628426012063 0.00020951128525688052
0.00012748775115612221 0.00016713348542810323 0.0002206807057878954 0.00029260513237504455 0.0003877407491179064 0.0005098089042283185 0.0006583206661189709 0.0008237951871953093 0.0008237951871953061 0.000523679884180708 0.00034630631738472923 0.00023701853297558072
0.00015281925499793087 0.00020597612175915207 0.00028113319600027345 0.0003877407491179064 0.0005381248230025234 0.0007460030836977725 0.001020871126407988 0.001355214785741706 0.0009834112164273973 0.0006023216523571855 0.00038774074911790174 0.00026012476322506196
0.00017898776460645768 0.0002469029485712323 0.00034651932212190326 0.0004943574273170061 0.0007147269693950067 0.0010399826250819821 0.0015036233114061493 0.0018146272275359667 0.0011025096403528157 0.0006583206661189735 0.0004162742655125708 0.0002756486361526678
0.00015281925499793344 0.00020597612175915183 0.00028113319600027946 0.0003877407491179014 0.000538124823002524 0.0007460030836977771 0.0010208711264079802 0.0011025096403528202 0.000983411216427394 0.0006787319085793102 0.00042648840492454185 0.00028113319600027925
0.00012748775115612829 0.00016713348542809974 0.0002206807057878974 0.0002926051323750477 0.0003877407491179014 0.0005098089042283217 0.0006488386840580125 0.0006583206661189766 0.0006023216523571703 0.0005182457638635624 0.00038774074911789876 0.0002752702336880341
0.0001053719878049628 0.00013456589998544607 0.00017235443837678168 0.0002206807057878974 0.00028113319600027946 0.0003540439335760477 0.000423498399655511 0.00041627426551257623 0.00038774074911790104 0.00034630631738472966 0.0002921057912914945 0.00022068070578789678
8.66173165200203e-05 0.00010797219065248596 0.00013456589998544607 0.00016713348542809974 0.00020597612175915183 0.0002504930101970422 0.00028113319600028055 0.00027564863615266703 0.0002601247632250623 0.0002370185329755823 0.00020951128525687902 0.00017235443837677943
7.102719241070428e-05 8.66173165200203e-05 0.0001053719878049628 0.00012748775115612829 0.00015281925499793344 0.00018065698181209876 0.00019269413133998477 0.000189574451678392 0.00018065698181209935 0.00016713348542810296 0.00015061330027831221 0.0001327420697644113
* 3 0.9502006452836692 5 4 0.0020943898935742813
0.00015061330027831221 0.00016713348542810323 0.00018065698181210128 0.00018957445167839133 0.00019269413133998566 0.00018957445167839133 0.00018065698181210128 0.00016713348542810323 0.00015061330027831221 0.00013274206976441653 0.00011491018860952883 9.811135046932124e-05
0.0002095112852568806 0.00023701853297558278 0.0002601247632250649 0.0002756486361526689 0.00028113319600027345 0.0002756486361526689 0.0002601247632250649 0.00023701853297558278 0.0002095112852568806 0.00018065698181210128 0.00015281925499793087 0.00012748775115612221
0.00029860628426011304 0.0003463063173847286 0.0003877407491179064 0.0004162742655125712 0.0004264884049245477 0.0004162742655125712 0.0003877407491179064 0.0003463063173847286 0.00029860628426011304 0.00025049301019704705 0.00020597612175915207 0.00016713348542810323
0.0004370831912987989 0.0005236798841807094 0.0006023216523571715 0.0006583206661189709 0.0006787319085793043 0.0006583206661189709 0.0006023216523571715 0.0005236798841807094 0.0004370831912987989 0.0003540439335760474 0.00028113319600027345 0.0002206807057878954
0.0005236798841807118 0.0007864130940313824 0.0009834112164273934 0.0011025096403528228 0.0011470513126501096 0.0011025096403528228 0.0009834112164273934 0.0008237951871953093 0.0006583206661189709 0.0005047495470679155 0.00034630631738472966 0.0002370185329755823
0.00043708319129879907 0.0006583206661189765 0.0010208711264079802 0.0016256506373983257 0.0020943898935742813 0.001985922187872286 0.0015701736634866751 0.0010208711264079837 0.0006583206661189766 0.00043708319129879365 0.00029860628426011646 0.00020951128525687902
0.0003540439335760477 0.0005098089042283217 0.0007460030836977771 0.0011025096403528129 0.0016256506373983257 0.0016256506373983348 0.0011025096403528202 0.0007460030836977718 0.0005098089042283188 0.00035404393357604694 0.0002504930101970449 0.00018065698181209935
0.00028113319600027946 0.0003877407491179014 0.000538124823002524 0.0007460030836977771 0.0010208711264079802 0.0010208711264079837 0.0007460030836977718 0.0005381248230025244 0.00038774074911790104 0.00028113319600028055 0.00020597612175915142 0.00015281925499793312
0.0002206807057878974 0.0002926051323750477 0.0003877407491179014 0.0005098089042283217 0.0006583206661189765 0.0006583206661189766 0.0005098089042283188 0.00038774074911790104 0.000292605132375048 0.00022068070578789797 0.00016713348542810296 0.00012748775115612636
0.00017235443837678168 0.0002206807057878974 0.00028113319600027946 0.0003540439335760477 0.00043708319129879907 0.00043708319129879365 0.00035404393357604694 0.00028113319600028055 0.00022068070578789797 0.0001723544383767838 0.00013456589998544642 0.00010537198780495988
0.00013456589998544607 0.00016713348542809974 0.00020597612175915183 0.0002504930101970422 0.00029860628426011835 0.00029860628426011646 0.0002504930101970449 0.00020597612175915142 0.00016713348542810296 0.00013456589998544642 0.00010797219065248577 8.661731652002047e-05
0.0001053719878049628 0.00012748775115612829 0.00015281925499793344 0.00018065698181209876 0.00020951128525687694 0.00020951128525687902 0.00018065698181209935 0.00015281925499793312 0.00012748775115612636 0.00010537198780495988 8.661731652002047e-05 7.102719241070199e-05
* 4 0.9511186838196386 6 7 0.0016954472288860016
5.824366803974699e-05 7.102719241070213e-05 8.661731652001965e-05 0.00010537198780495919 0.00012748775115612221 0.00015281925499793087 0.00018065698181210128 0.0002095112852568806 0.00022068070578789526 0.00017235443837678233 0.00013456589998544718 0.00010537198780496095
6.963581711698575e-05 8.661731652001965e-05 0.00010797219065248738 0.00013456589998544555 0.00016713348542810323 0.00020597612175915207 0.00025049301019704705 0.00029860628426011304 0.0002926051323750441 0.00022068070578789526 0.0001671334854281026 0.00012748775115612192
8.293453750919548e-05 0.00010537198780495919 0.00013456589998544555 0.00017235443837678403 0.0002206807057878954 0.00028113319600027345 0.0003540439335760474 0.0004370831912987989 0.00038774074911790174 0.00028113319600027925 0.00020597612175915584 0.00015281925499793637
9.811135046932124e-05 0.00012748775115612221 0.00016713348542810323 0.0002206807057878954 0.00029260513237504455 0.0003877407491179064 0.0005098089042283185 0.0006583206661189709 0.0005098089042283152 0.0003540439335760483 0.0002504930101970481 0.0001806569818120984
0.00011491018860952883 0.00015281925499793087 0.00020597612175915207 0.00028113319600027345 0.0003877407491179064 0.0005381248230025234 0.0007460030836977725 0.0009662167827501276 0.0006583206661189735 0.0004370831912987915 0.00029860628426012063 0.00020951128525688052
0.00013274206976441653 0.00018065698181210128 0.00025049301019704705 0.0003540439335760474 0.0005098089042283185 0.0007460030836977725 0.0011025096403528228 0.0013552147857416972 0.0008237951871953061 0.000523679884180708 0.00034630631738472923 0.00023701853297558072
0.00014956284905587484 0.00020712701081852027 0.0002933373244916915 0.0004256046476146216 0.0006334123969934595 0.0009662167827501272 0.0015036233114061493 0.0016954472288860016 0.0009834112164273973 0.0006023216523571855 0.00038774074911790174 0.00026012476322506196
0.0001327420697644141 0.00018065698181209816 0.0002504930101970434 0.000354043933576049 0.000509808904228311 0.0007460030836977692 0.0011025096403528211 0.0016256506373983277 0.0010751916823234784 0.0006488386840580122 0.00041351544662727416 0.0002752702336880341
0.0001149101886095283 0.00015281925499793195 0.0002059761217591506 0.0002811331960002792 0.0003877407491179013 0.0005381248230025305 0.0007460030836977692 0.0010208711264079785 0.0010751916823234782 0.0006488386840580129 0.0004135154466272739 0.0002752702336880355
9.811135046932086e-05 0.00012748775115612438 0.0001671334854281026 0.00022068070578789537 0.0002926051323750462 0.0003877407491179013 0.000509808904228311 0.0006583206661189742 0.0008237951871953105 0.0006023216523571801 0.00038774074911789876 0.0002601247632250627
8.29345375091939e-05 0.00010537198780495989 0.00013456589998544425 0.00017235443837678002 0.00022068070578789537 0.0002811331960002792 0.000354043933576049 0.0004370831912987981 0.0005236798841807157 0.0005236798841807101 0.00034630631738473286 0.00023701853297558183
6.963581711698454e-05 8.661731652001993e-05 0.00010797219065248667 0.00013456589998544425 0.0001671334854281026 0.0002059761217591506 0.0002504930101970434 0.00029860628426011716 0.0003463063173847322 0.0003877407491179013 0.00029860628426011326 0.0002095112852568748
* 5 0.9604715427119744 5 5 0.0007460030836977718
6.96358171169862e-05 8.661731652001944e-05 0.00010797219065248801 0.00013274206976441653 0.00015061330027831221 0.00016713348542810323 0.00015281925499793637 0.00012748775115612192 0.00010537198780496095 8.661731652002083e-05 7.102719241070256e-05 5.824366803974659e-05
8.293453750919864e-05 0.00010537198780496026 0.00013456589998544517 0.000172354438376779 0.0002095112852568806 0.00023701853297558278 0.00020597612175915584 0.0001671334854281026 0.00013456589998544718 0.0001079721906524881 8.661731652002083e-05 6.963581711698537e-05
9.811135046932093e-05 0.00012748775115612243 0.00016713348542809925 0.00022068070578789493 0.0002921057912914973 0.0003449875249902715 0.00028113319600027925 0.00022068070578789526 0.00017235443837678233 0.00013456589998544718 0.00010537198780496095 8.293453750919552e-05
0.00011491018860952998 0.00015281925499793374 0.00020597612175914855 0.00028113319600028147 0.00038774074911790223 0.0005047495470679155 0.00038774074911790174 0.0002926051323750441 0.00022068070578789526 0.0001671334854281026 0.00012748775115612192 9.811135046931852e-05
0.00013274206976441398 0.00018065698181210198 0.000250493010197043 0.0003540439335760471 0.0005098089042283195 0.0007147269693950064 0.0005381248230025283 0.00038774074911790174 0.00028113319600027925 0.00020597612175915584 0.00015281925499793637 0.00011491018860953025
0.0001327420697644113 0.00018065698181209935 0.0002504930101970449 0.00035404393357604694 0.0005098089042283188 0.0007460030836977718 0.000746003083697771 0.0005098089042283152 0.0003540439335760483 0.0002504930101970481 0.0001806569818120984 0.00013274206976441127
0.00011491018860953227 0.00015281925499793312 0.00020597612175915142 0.00028113319600028055 0.00038774074911790104 0.0005381248230025244 0.0007460030836977718 0.0006583206661189735 0.0004370831912987915 0.00029860628426012063 0.00020951128525688052 0.00015061330027831433
9.811135046931875e-05 0.00012748775115612636 0.00016713348542810296 0.00022068070578789797 0.000292605132375048 0.00038774074911790104 0.0005098089042283188 0.0006583206661189766 0.0005047495470679152 0.00034498752499027163 0.00023701853297558072 0.0001671334854281026
8.29345375091961e-05 0.00010537198780495988 0.00013456589998544642 0.0001723544383767838 0.00022068070578789797 0.00028113319600028055 0.00035404393357604694 0.00043708319129879365 0.0003877407491179014 0.00028113319600027946 0.00020597612175915183 0.00015281925499793344
6.9635817116986e-05 8.661731652002047e-05 0.00010797219065248577 0.00013456589998544642 0.00016713348542810296 0.00020597612175915142 0.0002504930101970449 0.00029860628426011646 0.0002926051323750477 0.0002206807057878974 0.00016713348542809974 0.00012748775115612829
5.824366803974582e-05 7.102719241070199e-05 8.661731652002047e-05 0.00010537198780495988 0.00012748775115612636 0.00015281925499793312 0.00018065698181209935 0.00020951128525687902 0.0002206807057878974 0.00017235443837678168 0.00013456589998544607 0.0001053719878049628
4.8633608615907746e-05 5.824366803974582e-05 6.9635817116986e-05 8.29345375091961e-05 9.811135046931875e-05 0.00011491018860953227 0.0001327420697644113 0.00015061330027831221 0.0001657591221633581 0.00013456589998544607 0.00010797219065248596 8.66173165200203e-05
* 6 0.9446919744399849 5 5 0.0015036233114061493
0.00020597612175915473 0.000281133196000279 0.0003786906355893618 0.0003463063173847286 0.00029860628426011304 0.00025049301019704705 0.00020597612175915207 0.00016713348542810323 0.00013456589998544555 0.00010797219065248738 8.661731652001965e-05 6.963581711698575e-05
0.0002504930101970459 0.0003540439335760451 0.0005098089042283225 0.0005236798841807094 0.0004370831912987989 0.0003540439335760474 0.00028113319600027345 0.0002206807057878954 0.00017235443837678403 0.00013456589998544555 0.00010537198780495919 8.293453750919548e-05
0.0002756486361526666 0.00041627426551257526 0.0006334123969934592 0.0008237951871953093 0.0006583206661189709 0.0005098089042283185 0.0003877407491179064 0.00029260513237504455 0.0002206807057878954 0.00016713348542810323 0.00012748775115612221 9.811135046932124e-05
0.0002601247632250623 0.0003877407491179014 0.0006023216523571829 0.0009834112164273925 0.001020871126407988 0.0007460030836977725 0.0005381248230025234 0.0003877407491179064 0.00028113319600027345 0.00020597612175915207 0.00015281925499793087 0.00011491018860952883
0.00023701853297557885 0.00034630631738473324 0.0005236798841807118 0.0008237951871953123 0.0013552147857417054 0.0011025096403528228 0.0007460030836977725 0.0005098089042283185 0.0003540439335760474 0.00025049301019704705 0.00018065698181210128 0.00013274206976441653
0.00020951128525687694 0.00029860628426011835 0.00043708319129879907 0.0006583206661189765 0.0010208711264079802 0.0015036233114061493 0.001020871126407988 0.0006583206661189709 0.0004370831912987989 0.00029860628426011304 0.0002095112852568806 0.00015061330027831221
0.00018065698181209876 0.0002504930101970422 0.0003540439335760477 0.0005098089042283217 0.0007460030836977771 0.0011025096403528129 0.0010208711264079837 0.0007460030836977718 0.0005182457638635623 0.0003463063173847286 0.00023701853297558278 0.00016713348542810323
0.00015281925499793344 0.00020597612175915183 0.00028113319600027946 0.0003877407491179014 0.000538124823002524 0.0007460030836977771 0.0006583206661189766 0.0005098089042283188 0.00038774074911790104 0.000292605132375048 0.00022068070578789797 0.00016713348542810296
0.00012748775115612829 0.00016713348542809974 0.0002206807057878974 0.0002926051323750477 0.0003877407491179014 0.0005047495470679152 0.00043708319129879365 0.00035404393357604694 0.00028113319600028055 0.00022068070578789797 0.0001723544383767838 0.00013456589998544642
0.0001053719878049628 0.00013456589998544607 0.00017235443837678168 0.0002206807057878974 0.00028113319600027946 0.00034498752499027125 0.00029860628426011646 0.0002504930101970449 0.00020597612175915142 0.00016713348542810296 0.00013456589998544642 0.00010797219065248577
8.66173165200203e-05 0.00010797219065248596 0.00013456589998544607 0.00016713348542809974 0.00020597612175915183 0.0002370185329755823 0.00020951128525687902 0.00018065698181209935 0.00015281925499793312 0.00012748775115612636 0.00010537198780495988 8.661731652002047e-05
7.102719241070428e-05 8.66173165200203e-05 0.0001053719878049628 0.00012748775115612829 0.00015281925499793344 0.00016713348542810296 0.00015061330027831221 0.0001327420697644113 0.00011491018860953227 9.811135046931875e-05 8.29345375091961e-05 6.9635817116986e-05
* 7 0.9511186838196387 6 5 0.0016954472288860027
0.00011491018860952998 0.00015281925499793374 0.00019269413133998566 0.00018957445167839133 0.00018065698181210128 0.00016713348542810323 0.00015061330027831221 0.00013274206976441653 0.00011491018860952883 9.811135046932124e-05 8.293453750919548e-05 6.963581711698575e-05
0.00013274206976441398 0.00018065698181210198 0.000250493010197043 0.0002756486361526689 0.0002601247632250649 0.00023701853297558278 0.0002095112852568806 0.00018065698181210128 0.00015281925499793087 0.00012748775115612221 0.00010537198780495919 8.661731652001965e-05
0.00015061330027831167 0.00020951128525687867 0.00029860628426011564 0.0004162742655125712 0.0003877407491179064 0.0003463063173847286 0.00029860628426011304 0.00025049301019704705 0.00020597612175915207 0.00016713348542810323 0.00013456589998544555 0.00010797219065248738
0.00016713348542809925 0.00023701853297558267 0.0003463063173847316 0.0005236798841807076 0.0006023216523571715 0.0005236798841807094 0.0004370831912987989 0.0003540439335760474 0.00028113319600027345 0.0002206807057878954 0.00017235443837678403 0.00013456589998544555
0.00018065698181210198 0.00026012476322506516 0.00038774074911790223 0.0006023216523571865 0.0009322317175190244 0.0008237951871953093 0.0006583206661189709 0.0005098089042283185 0.0003877407491179064 0.00029260513237504455 0.0002206807057878954 0.00016713348542810323
0.00018769655248126104 0.0002712147166419925 0.000405847117391045 0.0006334123969934593 0.0010399826250819823 0.001355214785741706 0.001020871126407988 0.0007460030836977725 0.0005381248230025234 0.0003877407491179064 0.00028113319600027345 0.00020597612175915207
0.00018065698181209816 0.0002601247632250637 0.0003877407491179013 0.0006023216523571819 0.0009834112164273901 0.0016954472288860027 0.0015701736634866738 0.0011025096403528228 0.0007460030836977725 0.0005098089042283185 0.0003540439335760474 0.00025049301019704705
0.0001671334854281026 0.00023701853297558142 0.0003463063173847322 0.0005236798841807157 0.0008237951871953105 0.0011025096403528202 0.000983411216427394 0.0008237951871953174 0.0006583206661189766 0.0005098089042283188 0.00038774074911790104 0.0002921057912914964
0.00015061330027831197 0.00020951128525687572 0.00029860628426011716 0.0004370831912987981 0.0006488386840580128 0.0006583206661189766 0.0006023216523571703 0.0005236798841807106 0.00043708319129879365 0.00035404393357604694 0.00028113319600028055 0.00022068070578789797
0.0001327420697644141 0.00018065698181209816 0.0002504930101970434 0.000354043933576049 0.0004264884049245489 0.00041627426551257623 0.00038774074911790104 0.00034630631738472966 0.00029860628426011646 0.0002504930101970449 0.00020597612175915142 0.00016713348542810296
0.0001149101886095283 0.00015281925499793195 0.0002059761217591506 0.00027527023368803326 0.00028113319600028055 0.00027564863615266703 0.0002601247632250623 0.0002370185329755823 0.00020951128525687902 0.00018065698181209935 0.00015281925499793312 0.00012748775115612636
9.811135046932086e-05 0.00012748775115612438 0.0001671334854281026 0.000189574451678392 0.00019269413133998477 0.000189574451678392 0.00018065698181209935 0.00016713348542810296 0.00015061330027831221 0.0001327420697644113 0.00011491018860953227 9.811135046931875e-05
* 8 0.9425782334375957 6 6 0.0015701736634866738
5.824366803974699e-05 6.963581711698575e-05 8.293453750919548e-05 9.811135046932124e-05 0.00011491018860952883 0.00013274206976441653 0.00015061330027831221 0.00016713348542810323 0.0001671334854281026 0.00013456589998544718 0.0001079721906524881 8.661731652002083e-05
7.102719241070213e-05 8.661731652001965e-05 0.00010537198780495919 0.00012748775115612221 0.00015281925499793087 0.00018065698181210128 0.0002095112852568806 0.00023701853297558278 0.00022068070578789526 0.00017235443837678233 0.00013456589998544718 0.00010537198780496095
8.661731652001965e-05 0.00010797219065248738 0.00013456589998544555 0.00016713348542810323 0.00020597612175915207 0.00025049301019704705 0.00029860628426011304 0.0003463063173847286 0.0002926051323750441 0.00022068070578789526 0.0001671334854281026 0.00012748775115612192
0.00010537198780495919 0.00013456589998544555 0.00017235443837678403 0.0002206807057878954 0.00028113319600027345 0.0003540439335760474 0.0004370831912987989 0.0005182457638635623 0.00038774074911790174 0.00028113319600027925 0.00020597612175915584 0.00015281925499793637
0.00012748775115612221 0.00016713348542810323 0.0002206807057878954 0.00029260513237504455 0.0003877407491179064 0.0005098089042283185 0.0006583206661189709 0.000746003083697771 0.0005098089042283152 0.0003540439335760483 0.0002504930101970481 0.0001806569818120984
0.00015281925499793087 0.00020597612175915207 0.00028113319600027345 0.0003877407491179064 0.0005381248230025234 0.0007460030836977725 0.001020871126407988 0.0010208711264079707 0.0006488386840580122 0.00042349839965551085 0.00028113319600027746 0.00019269413133998393
0.00018065698181210128 0.00025049301019704705 0.0003540439335760474 0.0005098089042283185 0.0007460030836977725 0.0011025096403528228 0.0015701736634866738 0.0011025096403528094 0.0006583206661189698 0.0004162742655125747 0.0002756486361526717 0.00018957445167839244
0.0002095112852568806 0.0002921057912914964 0.00038774074911790104 0.0005098089042283188 0.0006583206661189766 0.0008237951871953174 0.000983411216427394 0.0009614811995948378 0.0006023216523571801 0.00038774074911789876 0.0002601247632250627 0.00018065698181210065
0.0001723544383767838 0.00022068070578789797 0.00028113319600028055 0.00035404393357604694 0.00043708319129879365 0.0005236798841807106 0.0006023216523571703 0.0006583206661189766 0.0005047495470679151 0.00034498752499027125 0.00023701853297558183 0.00016713348542810193
0.00013456589998544642 0.00016713348542810296 0.00020597612175915142 0.0002504930101970449 0.00029860628426011646 0.00034630631738472966 0.00038774074911790104 0.00041627426551257623 0.0003877407491179013 0.0002811331960002792 0.00020591910057261807 0.0001506133002783136
0.00010537198780495988 0.00012748775115612636 0.00015281925499793312 0.00018065698181209935 0.00020951128525687902 0.0002370185329755823 0.0002601247632250623 0.00027564863615266703 0.00028113319600028055 0.00022068070578789537 0.0001671334854281026 0.00012748775115612438
8.29345375091961e-05 9.811135046931875e-05 0.00011491018860953227 0.0001327420697644113 0.00015061330027831221 0.00016713348542810296 0.00018065698181209935 0.000189574451678392 0.00019269413133998477 0.00017235443837678002 0.00013456589998544425 0.00010537198780495989
* 9 0.9530086192158228 5 6 0.0016256506373983294
9.811135046932124e-05 0.00011491018860952883 0.00013274206976441653 0.00015061330027831221 0.00016713348542810323 0.00018065698181210128 0.00018957445167839133 0.00019269413133998566 0.00018065698181209727 0.0001528192549979308 0.00012748775115612476 0.00010537198780496228
0.00012748775115612221 0.00015281925499793087 0.00018065698181210128 0.0002095112852568806 0.00023701853297558278 0.0002601247632250649 0.0002756486361526689 0.00028113319600027345 0.0002504930101970419 0.00020597612175914933 0.00016713348542810223 0.00013456589998544292
0.00016575912216335866 0.00020597612175915207 0.00025049301019704705 0.00029860628426011304 0.0003463063173847286 0.0003877407491179064 0.0004162742655125712 0.00042349839965551123 0.000354043933576045 0.0002811331960002806 0.00022068070578789642 0.0001671334854281041
0.00018065698181210065 0.0002601247632250627 0.0003540439335760474 0.0004370831912987989 0.0005236798841807094 0.0006023216523571715 0.0006583206661189709 0.0006488386840580129 0.0005098089042283152 0.00037869063558936076 0.0002601247632250682 0.00018065698181210318
0.00016713348542810193 0.00023701853297558183 0.00034630631738473286 0.0005236798841807101 0.0007864130940313824 0.0009834112164273934 0.0011025096403528228 0.0010128798496239523 0.0006583206661189826 0.0004162742655125766 0.0002756486361526707 0.00018957445167839252
0.0001506133002783136 0.0002095112852568748 0.00029860628426011326 0.0004370831912987966 0.0006583206661189698 0.001020871126407973 0.0016256506373983294 0.0011470513126501116 0.0006787319085793112 0.00042648840492454787 0.0002811331960002801 0.00019269413133998726
0.0001327420697644112 0.00018065698181210065 0.0002504930101970451 0.00035404393357604114 0.0005098089042283153 0.0007460030836977748 0.0011025096403528094 0.0010399826250819817 0.0006583206661189826 0.0004162742655125766 0.0002756486361526707 0.00018957445167839252
0.00011491018860953006 0.00015281925499793377 0.0002059761217591517 0.00028113319600027746 0.00038774074911789876 0.0005381248230025287 0.0007460030836977748 0.0007460030836977692 0.0005381248230025305 0.00037869063558936087 0.0002601247632250682 0.00018065698181210318
9.811135046932131e-05 0.00012748775115612438 0.00016713348542810193 0.00022068070578789678 0.0002926051323750465 0.00038774074911789876 0.0005098089042283153 0.000509808904228311 0.0003877407491179013 0.0002926051323750462 0.00022068070578789537 0.00016575912216335907
8.293453750919734e-05 0.00010537198780496274 0.00013456589998544536 0.00017235443837677943 0.00022068070578789678 0.00028113319600027746 0.00035404393357604114 0.000354043933576049 0.0002811331960002792 0.00022068070578789537 0.00017235443837678002 0.00013456589998544425
6.96358171169852e-05 8.661731652002226e-05 0.00010797219065248814 0.00013456589998544536 0.00016713348542810193 0.0002059761217591517 0.0002504930101970451 0.0002504930101970434 0.0002059761217591506 0.0001671334854281026 0.00013456589998544425 0.00010797219065248667
5.824366803974687e-05 7.102719241070355e-05 8.661731652002226e-05 0.00010537198780496274 0.00012748775115612438 0.00015281925499793377 0.00018065698181210065 0.00017898776460645812 0.00015281925499793195 0.00012748775115612438 0.00010537198780495989 8.661731652001993e-05
* 10 0.9604715427119744 5 5 0.0007460030836977718
6.963581711698469e-05 8.661731652002104e-05 0.00010797219065248782 0.00013456589998544433 0.00016713348542810377 0.00018065698181209727 0.0001528192549979308 0.00012748775115612476 0.00010537198780496228 8.661731652002013e-05 7.102719241070228e-05 5.824366803974644e-05
8.293453750919587e-05 0.00010537198780496309 0.00013456589998544433 0.00017235443837678222 0.00022068070578789558 0.0002504930101970419 0.00020597612175914933 0.00016713348542810223 0.00013456589998544292 0.00010797219065248801 8.661731652002013e-05 6.963581711698582e-05
9.811135046931794e-05 0.00012748775115612362 0.00016713348542810377 0.00022068070578789558 0.0002926051323750483 0.000354043933576045 0.0002811331960002806 0.00022068070578789642 0.00017235443837678363 0.00013456589998544292 0.00010537198780496228 8.293453750919448e-05
0.00011491018860952917 0.0001528192549979328 0.00020597612175915473 0.000281133196000279 0.0003877407491179054 0.0005098089042283152 0.00038774074911790104 0.0002926051323750532 0.00022068070578789642 0.00016713348542810223 0.00012748775115612476 9.811135046932192e-05
0.0001327420697644118 0.00018065698181209922 0.0002504930101970459 0.0003540439335760451 0.0005098089042283225 0.000714726969395007 0.0005381248230025221 0.00038774074911790104 0.0002811331960002806 0.00020597612175914933 0.0001528192549979308 0.00011491018860952632
0.0001327420697644113 0.00018065698181209935 0.0002504930101970449 0.00035404393357604694 0.0005098089042283188 0.0007460030836977718 0.0007460030836977662 0.0005098089042283152 0.000354043933576045 0.0002504930101970419 0.00018065698181209727 0.0001327420697644124
0.00011491018860953227 0.00015281925499793312 0.00020597612175915142 0.00028113319600028055 0.00038774074911790104 0.0005381248230025244 0.0007460030836977718 0.0006583206661189742 0.00043708319129879126 0.00029860628426012047 0.00020951128525688079 0.00015061330027831316
9.811135046931875e-05 0.00012748775115612636 0.00016713348542810296 0.00022068070578789797 0.000292605132375048 0.00038774074911790104 0.0005098089042283188 0.0006583206661189766 0.0005236798841807104 0.00034630631738473 0.00023701853297557933 0.00016713348542810223
8.29345375091961e-05 0.00010537198780495988 0.00013456589998544642 0.0001723544383767838 0.00022068070578789797 0.00028113319600028055 0.00035404393357604694 0.00043708319129879365 0.0005236798841807106 0.00038774074911790104 0.0002601247632250614 0.00018065698181209727
6.9635817116986e-05 8.661731652002047e-05 0.00010797219065248577 0.00013456589998544642 0.00016713348542810296 0.00020597612175915142 0.0002504930101970449 0.00029860628426011646 0.00034630631738472966 0.00037869063558936087 0.0002601247632250627 0.00018065698181210065
5.824366803974582e-05 7.102719241070199e-05 8.661731652002047e-05 0.00010537198780495988 0.00012748775115612636 0.00015281925499793312 0.00018065698181209935 0.00020951128525687902 0.0002370185329755823 0.0002601247632250623 0.00023701853297558183 0.00016713348542810193
4.8633608615907746e-05 5.824366803974582e-05 6.9635817116986e-05 8.29345375091961e-05 9.811135046931875e-05 0.00011491018860953227 0.0001327420697644113 0.00015061330027831221 0.00016713348542810296 0.00018065698181209935 0.000189574451678392 0.0001506133002783136
* 11 0.9392609609740551 5 3 0.0021151380139557566
0.00022068070578789558 0.0002756486361526689 0.0002601247632250649 0.00023701853297558278 0.0002095112852568806 0.00018065698181210128 0.00015281925499793087 0.00012748775115612221 0.00010537198780495919 8.661731652001965e-05 7.102719241070213e-05 5.824366803974699e-05
0.000281133196000279 0.0003877407491179054 0.0003877407491179064 0.0003463063173847286 0.00029860628426011304 0.00025049301019704705 0.00020597612175915207 0.00016713348542810323 0.00013456589998544555 0.00010797219065248738 8.661731652001965e-05 6.963581711698575e-05
0.0003540439335760451 0.0005098089042283225 0.0006023216523571715 0.0005236798841807094 0.0004370831912987989 0.0003540439335760474 0.00028113319600027345 0.0002206807057878954 0.00017235443837678403 0.00013456589998544555 0.00010537198780495919 8.293453750919548e-05
0.00043708319129879213 0.0006583206661189761 0.0009614811995948365 0.0008237951871953093 0.0006583206661189709 0.0005098089042283185 0.0003877407491179064 0.00029260513237504455 0.0002206807057878954 0.00016713348542810323 0.00012748775115612221 9.811135046932124e-05
0.0005236798841807053 0.0008237951871953091 0.0013552147857417002 0.001355214785741706 0.001020871126407988 0.0007460030836977725 0.0005381248230025234 0.0003877407491179064 0.00028113319600027345 0.00020597612175915207 0.00015281925499793087 0.00011491018860952883
0.0006023216523571817 0.000983411216427393 0.0016911126675156433 0.0021151380139557566 0.0015036233114061493 0.0010399826250819823 0.0007147269693950069 0.0004943574273170061 0.00034651932212190374 0.0002469029485712323 0.00017898776460645733 0.00013199568326119752
0.0006023216523571829 0.0009834112164273925 0.0015734714269757812 0.0013552147857416987 0.0010208711264079837 0.0007460030836977718 0.0005381248230025244 0.00038774074911790104 0.00028113319600028055 0.00020597612175915142 0.00015281925499793312 0.00011491018860953227
0.0005236798841807118 0.0008237951871953123 0.000983411216427394 0.0008237951871953174 0.0006583206661189766 0.0005098089042283188 0.00038774074911790104 0.000292605132375048 0.00022068070578789797 0.00016713348542810296 0.00012748775115612636 9.811135046931875e-05
0.00043708319129879907 0.0006334123969934592 0.0006023216523571703 0.0005236798841807106 0.00043708319129879365 0.00035404393357604694 0.00028113319600028055 0.00022068070578789797 0.0001723544383767838 0.00013456589998544642 0.00010537198780495988 8.29345375091961e-05
0.0003540439335760477 0.00041627426551257623 0.00038774074911790104 0.00034630631738472966 0.00029860628426011646 0.0002504930101970449 0.00020597612175915142 0.00016713348542810296 0.00013456589998544642 0.00010797219065248577 8.661731652002047e-05 6.9635817116986e-05
0.000276505306369213 0.00027564863615266703 0.0002601247632250623 0.0002370185329755823 0.00020951128525687902 0.00018065698181209935 0.00015281925499793312 0.00012748775115612636 0.00010537198780495988 8.661731652002047e-05 7.102719241070199e-05 5.824366803974582e-05
0.00019269413133998477 0.000189574451678392 0.00018065698181209935 0.00016713348542810296 0.00015061330027831221 0.0001327420697644113 0.00011491018860953227 9.811135046931875e-05 8.29345375091961e-05 6.9635817116986e-05 5.824366803974582e-05 4.8633608615907746e-05
* 12 0.9165535667257174 6 7 0.006191799632643965
8.661731652001965e-05 0.00010797219065248738 0.00013456589998544555 0.00016713348542810323 0.00020597612175915207 0.00025049301019704705 0.00029860628426011304 0.0003463063173847286 0.0003877407491179064 0.00041351544662727356 0.0003540439335760483 0.00028113319600027925
