* 0 0.9601574903899084 5 6 0.0017178918256242665
0.00011577813960056691 0.00013373020570715702 0.00015172284035316194 0.00016835524303976984 0.00018197063314083717 0.00018998016483528327 0.00018197063314083652 0.0001683552430397724 0.00015172284035316357 0.0001337302057071566 0.00011577813960056592 9.888932633076808e-05
0.00015394377873128112 0.00018197063314083717 0.00021102119159877814 0.0002387158388693166 0.00026197974409997697 0.0002750317079547409 0.00026197974409997903 0.0002387158388693164 0.00021102119159877722 0.00018197063314083652 0.00015394377873128112 0.00012844019416365348
0.0001940896189623665 0.0002522822354817119 0.00030072439424471163 0.0003487514906653778 0.00039047077766646797 0.0004126845600925854 0.000390470777666467 0.00034875149066537856 0.0003007243942447108 0.00025228223548171225 0.00020746196693204754 0.0001683552430397724
0.0001909487253213128 0.0002776096862672992 0.00041920083535424953 0.0005273487078402699 0.000606536054671305 0.0006464275792869238 0.0006065360546713056 0.0005273487078402732 0.0004401532767824026 0.00035654225056966897 0.0002831317458989592 0.00022226666733108326
0.00018197063314083785 0.00026197974409997784 0.0003904707776664717 0.0006065360546713077 0.0009547652212496305 0.0010662412053873557 0.0009902874207169824 0.0008295534684593238 0.0006629244862749032 0.0005133816692288958 0.000390470777666467 0.00029468216434674557
0.00016835524303977195 0.0002387158388693147 0.00034875149066538057 0.0005273487078402716 0.0008295534684593141 0.0013647071293334978 0.0017178918256242665 0.0013647071293334855 0.001028010213797128 0.0007512179909581677 0.0005418937356811071 0.000390470777666467
0.00015172284035316292 0.00021102119159877657 0.0003007243942447084 0.00044015327678240606 0.000662924486274905 0.0010280102137971312 0.001637053727429505 0.0017178918256242658 0.0013647071293334772 0.0010278283335058646 0.0007301963923703323 0.0005133816692288958
0.00013373020570715764 0.00018197063314083785 0.00025228223548171333 0.00035654225056966474 0.0005133816692288939 0.0007512179909581768 0.0010662412053873557 0.0009902874207169763 0.0008295534684593217 0.0006629244862749031 0.0005133816692288979 0.00039047077766646965
0.00011577813960056772 0.00015394377873128 0.00020746196693204795 0.0002831317458989584 0.0003904707776664717 0.0005418937356811028 0.0006629244862749031 0.0006065360546713099 0.0005273487078402644 0.00044015327678240064 0.000356542250569669 0.0002831317458989604
9.888932633076877e-05 0.00012844019416365242 0.00016835524303977195 0.000222266667331086 0.0002946821643467467 0.0003904707776664717 0.0004192008353542535 0.00039047077766646965 0.0003487514906653776 0.00030072439424471195 0.0002522822354817139 0.000207461966932046
8.362249583335097e-05 0.00010618789274342429 0.00013556642745523388 0.000173611668129474 0.000222266667331086 0.0002804288464429191 0.0002776096862673023 0.0002619797440999793 0.00023871583886931537 0.000211021191598777 0.00018197063314083682 0.00015394377873128188
7.023220639274927e-05 8.73284920723007e-05 0.0001088009023556342 0.00013556642745523388 0.00016835524303977195 0.00019408961896236624 0.00019094872532131297 0.00018197063314083682 0.00016835524303977098 0.00015172284035315964 0.00013373020570715656 0.00011577813960056613
* 1 0.9383736237905955 5 8 0.006434130780863404
0.00010880090235563456 0.00013556642745523505 0.00016835524303976984 0.00020746196693204635 0.0002522822354817119 0.00030072439424471163 0.0003487514906653778 0.00039047077766646797 0.000419200835354254 0.0004294854004011566 0.000419200835354254 0.00039047077766646797
0.00013556642745523505 0.00017361166812947652 0.0002222666673310844 0.0002831317458989603 0.00035654225056966696 0.00044015327678240427 0.0005273487078402699 0.000606536054671305 0.0006629244862749038 0.0006834778405495778 0.0006629244862749038 0.000606536054671305
0.00016835524303976984 0.0002222666673310844 0.00029468216434674243 0.00039047077766646797 0.0005133816692288972 0.0006629244862749038 0.0008295534684593208 0.0009902874207169865 0.001110222229843911 0.001155077129774373 0.001110222229843911 0.0009902874207169865
0.00020746196693204635 0.0002831317458989603 0.00039047077766646797 0.0005418937356811047 0.0007512179909581733 0.0010280102137971315 0.0013647071293334898 0.001717891825624269 0.0019998782997369823 0.0021094545968546445 0.0019998782997369823 0.001717891825624269
0.0002522822354817119 0.00035654225056966696 0.0005133816692288972 0.0007512179909581733 0.001110222229843911 0.0016370537274294993 0.002357458755698377 0.003208932704932925 0.0039618337990413345 0.004272535977809622 0.003779916278139773 0.002357458755698384
0.00030072439424471163 0.00044015327678240427 0.0006629244862749038 0.0010280102137971315 0.0016370537274294993 0.0026519185765754576 0.004272535977809622 0.006434130780863394 0.006434130780863404 0.004272535977809633 0.002651918576575466 0.001637053727429501
0.00034438017589422657 0.0005168754378374365 0.0008041358075873073 0.0013002794302093726 0.002183114151316745 0.003673763437877763 0.004272535977809633 0.0039618337990413345 0.003208932704932917 0.002357458755698384 0.001637053727429501 0.0011102222298439073
0.0003007243942447084 0.00044015327678240606 0.000662924486274905 0.0010280102137971312 0.001601558216591264 0.001999878299736978 0.0021094545968546384 0.001999878299736978 0.0017178918256242658 0.0013647071293334772 0.0010280102137971345 0.0007512179909581682
0.00025228223548171333 0.00035654225056966474 0.0005133816692288939 0.0007512179909581768 0.0009902874207169763 0.0011102222298439073 0.0011550771297743733 0.0011102222298439073 0.0009902874207169763 0.0008295534684593217 0.0006629244862749031 0.0005133816692288979
0.00020746196693204795 0.0002831317458989584 0.0003904707776664717 0.0005260041236460557 0.0006065360546713099 0.0006629244862749031 0.0006834778405495766 0.0006629244862749031 0.0006065360546713099 0.0005273487078402644 0.00044015327678240064 0.000356542250569669
0.00016835524303977195 0.000222266667331086 0.00029467673090782283 0.0003487514906653776 0.00039047077766646965 0.0004192008353542535 0.0004294854004011568 0.0004192008353542535 0.00039047077766646965 0.0003487514906653776 0.00030072439424471195 0.0002522822354817139
0.00013556642745523388 0.000173611668129474 0.000211021191598777 0.00023871583886931537 0.0002619797440999793 0.0002776096862673023 0.0002831317458989604 0.0002776096862673023 0.0002619797440999793 0.00023871583886931537 0.000211021191598777 0.00018197063314083682
* 2 0.9627368659122759 8 6 0.0013647071293334855
4.904306640855659e-05 5.8744838683572445e-05 7.023220639275089e-05 8.362249583335211e-05 9.888932633076819e-05 0.00011577813960056691 0.00011577813960056592 9.888932633076808e-05 8.36224958333511e-05 7.023220639275104e-05 5.8744838683573875e-05 4.904306640855702e-05
5.8744838683572445e-05 7.163376360159333e-05 8.73284920723e-05 0.00010618789274342383 0.00012844019416365253 0.00015394377873128112 0.00015394377873128112 0.00012844019416365348 0.0001061878927434248 8.73284920723007e-05 7.163376360159372e-05 5.8744838683573875e-05
7.023220639275089e-05 8.73284920723e-05 0.00010880090235563456 0.00013556642745523505 0.00016835524303976984 0.00020746196693204635 0.00020746196693204754 0.0001683552430397724 0.0001355664274552366 0.00010880090235563623 8.73284920723007e-05 7.023220639275104e-05
8.362249583335211e-05 0.00010618789274342383 0.00013556642745523505 0.00017361166812947652 0.0002222666673310844 0.0002831317458989603 0.0002831317458989592 0.00022226666733108326 0.00017361166812947717 0.0001355664274552366 0.0001061878927434248 8.36224958333511e-05
9.888932633076819e-05 0.00012844019416365253 0.00016835524303976984 0.0002222666673310844 0.00029468216434674243 0.00039047077766646797 0.000390470777666467 0.00029468216434674557 0.00022226666733108326 0.0001683552430397724 0.00012844019416365348 9.888932633076808e-05
0.00011577813960056691 0.00015394377873128112 0.00020746196693204635 0.0002831317458989603 0.00039047077766646797 0.0005418937356811047 0.0005418937356811071 0.000390470777666467 0.0002831317458989592 0.00020746196693204754 0.00015394377873128112 0.00011577813960056592
0.00013373020570715702 0.00018197063314083717 0.0002522822354817119 0.00035654225056966696 0.0005133816692288972 0.0007512179909581733 0.0007512179909581677 0.0005133816692288958 0.00035654225056966897 0.00025228223548171225 0.00018197063314083652 0.0001337302057071566
0.00015172284035316194 0.00021102119159877814 0.00030072439424471163 0.00044015327678240427 0.0006629244862749038 0.0010280102137971315 0.001028010213797128 0.0006629244862749032 0.0004401532767824026 0.0003007243942447108 0.00021102119159877722 0.00015172284035316357
0.00016835524303976984 0.0002387158388693166 0.0003487514906653778 0.0005273487078402699 0.0008295534684593208 0.0013002794302093726 0.0013647071293334855 0.0008295534684593238 0.0005273487078402732 0.00034875149066537856 0.0002387158388693164 0.0001683552430397724
0.00018197063314083717 0.00026197974409997697 0.00038487191342844997 0.0005133816692288979 0.0006629244862749031 0.0008295534684593217 0.0009902874207169763 0.0009902874207169824 0.0006065360546713056 0.000390470777666467 0.00026197974409997903 0.00018197063314083652
0.00017361166812947988 0.00022226666733108329 0.0002831317458989604 0.000356542250569669 0.00044015327678240064 0.0005273487078402644 0.0006065360546713099 0.0006629244862749031 0.0006590903357303247 0.00041920083535425457 0.0002776096862673015 0.00019094872532130926
0.00013556642745523706 0.00016835524303977098 0.000207461966932046 0.0002522822354817139 0.00030072439424471195 0.0003487514906653776 0.00039047077766646965 0.0004192008353542535 0.0004294854004011568 0.00041872283511755503 0.0002831317458989592 0.0001940896189623658
* 3 0.960157490389908 5 3 0.001717891825624269
0.00013373020570715702 0.00015172284035316194 0.00016835524303976984 0.00018197063314083717 0.00019094872532130711 0.00019408961896236928 0.00019094872532130711 0.00018197063314083717 0.00016835524303976984 0.00015172284035316194 0.00012844019416365348 0.0001061878927434248
0.00018197063314083717 0.00021102119159877814 0.0002387158388693166 0.00026197974409997697 0.0002776096862673001 0.0002831317458989603 0.0002776096862673001 0.00026197974409997697 0.0002387158388693166 0.00020746196693204754 0.0001683552430397724 0.0001355664274552366
0.0002522822354817119 0.00030072439424471163 0.0003487514906653778 0.00039047077766646797 0.000419200835354254 0.0004294854004011566 0.000419200835354254 0.00039047077766646797 0.0003486019511043098 0.0002831317458989592 0.00022226666733108326 0.00017361166812947717
0.00035654225056966696 0.00044015327678240427 0.0005273487078402699 0.000606536054671305 0.0006629244862749038 0.0006834778405495778 0.0006629244862749038 0.000606536054671305 0.0005121755386138993 0.0003487514906653776 0.00023871583886931537 0.00016835524303977098
0.0005133816692288972 0.0006629244862749038 0.0008295534684593208 0.0009902874207169865 0.001110222229843911 0.001155077129774373 0.0010278283335058646 0.0006629244862749031 0.00044015327678240064 0.00030072439424471195 0.000211021191598777 0.00015172284035315964
0.0007512179909581733 0.0010280102137971315 0.0013647071293334898 0.001717891825624269 0.001637053727429501 0.0011102222298439073 0.0007512179909581682 0.0005133816692288979 0.000356542250569669 0.0002522822354817139 0.00018197063314083682 0.00013373020570715656
0.001110222229843911 0.0016370537274294993 0.0017178918256242658 0.0013647071293334772 0.0010280102137971345 0.0007512179909581682 0.0005418937356811051 0.00039047077766646965 0.0002831317458989604 0.000207461966932046 0.00015394377873128188 0.00011577813960056613
0.0010280102137971312 0.0011102222298439073 0.0009902874207169763 0.0008295534684593217 0.0006629244862749031 0.0005133816692288979 0.00039047077766646965 0.00029468216434674373 0.00022226666733108329 0.00016835524303977098 0.00012844019416365467 9.888932633076908e-05
0.0006590903357303282 0.0006629244862749031 0.0006065360546713099 0.0005273487078402644 0.00044015327678240064 0.000356542250569669 0.0002831317458989604 0.00022226666733108329 0.00017361166812947988 0.00013556642745523706 0.00010618789274342426 8.362249583335057e-05
0.00042894469106127234 0.0004192008353542535 0.00039047077766646965 0.0003487514906653776 0.00030072439424471195 0.0002522822354817139 0.000207461966932046 0.00016835524303977098 0.00013556642745523706 0.00010880090235563482 8.73284920723015e-05 7.0232206392751e-05
0.0002831317458989604 0.0002776096862673023 0.0002619797440999793 0.00023871583886931537 0.000211021191598777 0.00018197063314083682 0.00015394377873128188 0.00012844019416365467 0.00010618789274342426 8.73284920723015e-05 7.163376360159462e-05 5.874483868357179e-05
0.00019408961896236624 0.00019094872532131297 0.00018197063314083682 0.00016835524303977098 0.00015172284035315964 0.00013373020570715656 0.00011577813960056613 9.888932633076908e-05 8.362249583335057e-05 7.0232206392751e-05 5.874483868357179e-05 4.904306640855806e-05
* 4 0.9578462320179745 4 7 0.0024363198376064353
0.00015394377873128112 0.00020746196693204754 0.0002831317458989592 0.0003487514906653778 0.00039047077766646797 0.000419200835354254 0.0004294854004011566 0.000419200835354254 0.00039047077766646797 0.0003487514906653778 0.00030072439424471163 0.0002522822354817119
0.00018197063314083652 0.00025228223548171225 0.00035654225056966897 0.0005121755386138993 0.000606536054671305 0.0006629244862749038 0.0006834778405495778 0.0006629244862749038 0.000606536054671305 0.0005273487078402699 0.00044015327678240427 0.00035654225056966696
0.00018197063314083785 0.00026197974409997784 0.0003904707776664717 0.0006065360546713077 0.0009547652212496305 0.001110222229843911 0.001155077129774373 0.001110222229843911 0.0009902874207169865 0.0008295534684593208 0.0006629244862749038 0.0005133816692288972
0.00016835524303977195 0.0002387158388693147 0.00034875149066538057 0.0005273487078402716 0.0008295534684593141 0.0013647071293334978 0.0020863719327078507 0.0019998782997369823 0.001717891825624269 0.0013002794302093726 0.0008295534684593217 0.0005273487078402644
0.00015172284035316292 0.00021102119159877657 0.0003007243942447084 0.00044015327678240606 0.000662924486274905 0.0010280102137971312 0.001637053727429505 0.0024363198376064353 0.001637053727429501 0.0010280102137971345 0.0006629244862749031 0.00044015327678240064
0.00013373020570715764 0.00018197063314083785 0.00025228223548171333 0.00035654225056966474 0.0005133816692288939 0.0007512179909581768 0.001110222229843901 0.0015471293027303024 0.0011102222298439073 0.0007512179909581682 0.0005133816692288979 0.000356542250569669
0.00011577813960056772 0.00015394377873128 0.00020746196693204795 0.0002831317458989584 0.0003904707776664717 0.0005418937356811028 0.0007512179909581768 0.0009899107609168188 0.0007512179909581682 0.0005418937356811051 0.00039047077766646965 0.0002831317458989604
9.888932633076877e-05 0.00012844019416365242 0.00016835524303977195 0.000222266667331086 0.0002946821643467467 0.0003904707776664717 0.0005133816692288939 0.0006464275792869238 0.0005133816692288979 0.00039047077766646965 0.00029468216434674373 0.00022226666733108329
8.362249583335097e-05 0.00010618789274342429 0.00013556642745523388 0.000173611668129474 0.000222266667331086 0.0002831317458989584 0.00035654225056966474 0.0004329317974374602 0.000356542250569669 0.0002831317458989604 0.00022226666733108329 0.00017361166812947988
7.023220639274927e-05 8.73284920723007e-05 0.0001088009023556342 0.00013556642745523388 0.00016835524303977195 0.00020746196693204795 0.00025228223548171333 0.00029760698049922 0.0002522822354817139 0.000207461966932046 0.00016835524303977098 0.00013556642745523706
5.874483868357208e-05 7.163376360159395e-05 8.73284920723007e-05 0.00010618789274342429 0.00012844019416365242 0.00015394377873128 0.00018197063314083785 0.00020974164969432159 0.00018197063314083682 0.00015394377873128188 0.00012844019416365467 0.00010618789274342426
4.904306640855806e-05 5.874483868357208e-05 7.023220639274927e-05 8.362249583335097e-05 9.888932633076877e-05 0.00011577813960056772 0.00013373020570715764 0.0001512446662672001 0.00013373020570715656 0.00011577813960056613 9.888932633076908e-05 8.362249583335057e-05
* 5 0.9549682831655718 5 7 0.002638689340561582
0.0001909487253213128 0.0002776096862672992 0.00035654225056966897 0.000419200835354254 0.0004294854004011566 0.000419200835354254 0.00039047077766646797 0.0003487514906653778 0.00030072439424471163 0.0002522822354817119 0.00020746196693204635 0.00016835524303976984
0.0001940896189623665 0.0002831317458989584 0.0004294854004011584 0.0006464275792869238 0.0006834778405495778 0.0006629244862749038 0.000606536054671305 0.0005273487078402699 0.00044015327678240427 0.00035654225056966696 0.0002831317458989603 0.0002222666673310844
0.0001909487253213128 0.0002776096862672992 0.00041920083535424953 0.000662924486274905 0.0010944131006952156 0.001110222229843911 0.0009902874207169865 0.0008295534684593208 0.0006629244862749038 0.0005133816692288972 0.00039047077766646797 0.00029468216434674243
0.00018197063314083785 0.00026197974409997784 0.0003904707776664717 0.0006065360546713077 0.0009902874207169802 0.0017178918256242738 0.001717891825624269 0.0013647071293334898 0.0010280102137971315 0.0007512179909581733 0.0005418937356811047 0.00039047077766646797
0.00016835524303977195 0.0002387158388693147 0.00034875149066538057 0.0005273487078402716 0.0008295534684593141 0.0013647071293334978 0.002357458755698376 0.002357458755698377 0.0016370537274294993 0.001110222229843911 0.0007512179909581733 0.0005133816692288972
0.00015172284035316292 0.00021102119159877657 0.0003007243942447084 0.00044015327678240606 0.000662924486274905 0.0010280102137971312 0.001637053727429505 0.002638689340561582 0.0023278000193280093 0.0015471293027303022 0.001027828333505865 0.0006629244862749038
0.00013373020570715764 0.00018197063314083785 0.00025228223548171333 0.00035654225056966474 0.0005133816692288939 0.0007512179909581768 0.001110222229843901 0.001601558216591264 0.0013647071293334772 0.0010280102137971345 0.0007512179909581682 0.0005418937356811051
0.00011577813960056772 0.00015394377873128 0.00020746196693204795 0.0002831317458989584 0.0003904707776664717 0.0005418937356811028 0.0007512179909581768 0.000978147855549795 0.0008295534684593217 0.0006629244862749031 0.0005133816692288979 0.00039047077766646965
9.888932633076877e-05 0.00012844019416365242 0.00016835524303977195 0.000222266667331086 0.0002946821643467467 0.0003904707776664717 0.0005133816692288939 0.0006065360546713099 0.0005273487078402644 0.00044015327678240064 0.000356542250569669 0.0002831317458989604
8.362249583335097e-05 0.00010618789274342429 0.00013556642745523388 0.000173611668129474 0.000222266667331086 0.0002831317458989584 0.00035654225056966474 0.00039047077766646965 0.0003487514906653776 0.00030072439424471195 0.0002522822354817139 0.000207461966932046
7.023220639274927e-05 8.73284920723007e-05 0.0001088009023556342 0.00013556642745523388 0.00016835524303977195 0.00020746196693204795 0.00025228223548171333 0.0002619797440999793 0.00023871583886931537 0.000211021191598777 0.00018197063314083682 0.00015394377873128188
5.874483868357208e-05 7.163376360159395e-05 8.73284920723007e-05 0.00010618789274342429 0.00012844019416365242 0.00015394377873128 0.00018197063314083785 0.00018197063314083682 0.00016835524303977098 0.00015172284035315964 0.00013373020570715656 0.00011577813960056613
* 6 0.956676595878941 4 6 0.00230449465473015
0.0002831317458989584 0.00039047077766646797 0.000419200835354254 0.0004294854004011566 0.000419200835354254 0.00039047077766646797 0.0003487514906653778 0.00030072439424471163 0.0002522822354817119 0.00020746196693204635 0.00016835524303976984 0.00013556642745523505
0.0002776096862672992 0.00041920083535424953 0.0006464275792869238 0.0006834778405495778 0.0006629244862749038 0.000606536054671305 0.0005273487078402699 0.00044015327678240427 0.00035654225056966696 0.0002831317458989603 0.0002222666673310844 0.00017361166812947652
0.00026197974409997784 0.0003904707776664717 0.0006065360546713077 0.0009902874207169802 0.001110222229843911 0.0009902874207169865 0.0008295534684593208 0.0006629244862749038 0.0005133816692288972 0.00039047077766646797 0.00029468216434674243 0.0002222666673310844
0.0002387158388693147 0.00034875149066538057 0.0005273487078402716 0.0008295534684593141 0.0013647071293334978 0.001717891825624269 0.0013647071293334898 0.0010280102137971315 0.0007512179909581733 0.0005418937356811047 0.00039047077766646797 0.0002831317458989603
0.00021102119159877657 0.0003007243942447084 0.00044015327678240606 0.000662924486274905 0.0010280102137971312 0.001637053727429505 0.00230449465473015 0.0015471293027303022 0.0010278283335058646 0.0006629244862749031 0.00044015327678240064 0.00030072439424471195
0.00018197063314083785 0.00025228223548171333 0.00035654225056966474 0.0005133816692288939 0.0007512179909581768 0.001110222229843901 0.0015471293027303024 0.0011102222298439073 0.0007512179909581682 0.0005133816692288979 0.000356542250569669 0.0002522822354817139
0.00015394377873128 0.00020746196693204795 0.0002831317458989584 0.0003904707776664717 0.0005418937356811028 0.0007512179909581768 0.0009899107609168188 0.0007512179909581682 0.0005418937356811051 0.00039047077766646965 0.0002831317458989604 0.000207461966932046
0.00012844019416365242 0.00016835524303977195 0.000222266667331086 0.0002946821643467467 0.0003904707776664717 0.0005133816692288939 0.0006464275792869238 0.0005133816692288979 0.00039047077766646965 0.00029468216434674373 0.00022226666733108329 0.00016835524303977098
0.00010618789274342429 0.00013556642745523388 0.000173611668129474 0.000222266667331086 0.0002831317458989584 0.00035654225056966474 0.0004329317974374602 0.000356542250569669 0.0002831317458989604 0.00022226666733108329 0.00017361166812947988 0.00013556642745523706
8.73284920723007e-05 0.0001088009023556342 0.00013556642745523388 0.00016835524303977195 0.00020746196693204795 0.00025228223548171333 0.00029760698049922 0.0002522822354817139 0.000207461966932046 0.00016835524303977098 0.00013556642745523706 0.00010880090235563482
7.163376360159395e-05 8.73284920723007e-05 0.00010618789274342429 0.00012844019416365242 0.00015394377873128 0.00018197063314083785 0.00020974164969432159 0.00018197063314083682 0.00015394377873128188 0.00012844019416365467 0.00010618789274342426 8.73284920723015e-05
5.874483868357208e-05 7.023220639274927e-05 8.362249583335097e-05 9.888932633076877e-05 0.00011577813960056772 0.00013373020570715764 0.0001512446662672001 0.00013373020570715656 0.00011577813960056613 9.888932633076908e-05 8.362249583335057e-05 7.0232206392751e-05
* 7 0.9465267150921315 4 7 0.004272535977809622
0.00016835524303976984 0.00020746196693204635 0.0002522822354817119 0.00030072439424471163 0.0003487514906653778 0.00039047077766646797 0.000419200835354254 0.0004294854004011566 0.000419200835354254 0.00039047077766646797 0.0003487514906653778 0.0002831317458989593
0.0002222666673310844 0.0002831317458989603 0.00035654225056966696 0.00044015327678240427 0.0005273487078402699 0.000606536054671305 0.0006629244862749038 0.0006834778405495778 0.0006629244862749038 0.000606536054671305 0.0005121755386138962 0.000356542250569669
0.00027760968626730156 0.00039047077766646797 0.0005133816692288972 0.0006629244862749038 0.0008295534684593208 0.0009902874207169865 0.001110222229843911 0.001155077129774373 0.001110222229843911 0.000978147855549795 0.000662924486274908 0.00044015327678240503
0.000283131745898957 0.0004294854004011591 0.0006834778405495752 0.0010280102137971315 0.0013647071293334898 0.001717891825624269 0.0019998782997369823 0.0021094545968546445 0.0019998587905559685 0.0013647071293334848 0.0008295534684593231 0.000527348707840269
0.00027760968626730156 0.0004192008353542596 0.0006629244862749021 0.0011102222298438995 0.0019998587905559638 0.0031836073686767677 0.0039618337990413345 0.004272535977809622 0.003183607368676769 0.0017178918256242615 0.000990287420716987 0.0006065360546713016
0.0002619797440999803 0.0003904707776664673 0.0006065360546713025 0.0009902874207169783 0.0016015582165912635 0.002357458755698384 0.003208932704932917 0.0039618337990413345 0.0036737634378777636 0.00199987829973697 0.001110222229843908 0.000662924486274908
0.00023871583886931437 0.00034875149066538057 0.0005260041236460554 0.0007512179909581682 0.0010280102137971345 0.0013647071293334772 0.0017178918256242658 0.001999878299736978 0.002086371932707852 0.001637053727429505 0.001094413100695215 0.0006834778405495706
0.00021102119159877603 0.0002946767309078208 0.00039047077766646965 0.0005133816692288979 0.0006629244862749031 0.0008295534684593217 0.0009902874207169763 0.0011102222298439073 0.0011550771297743733 0.0010278283335058644 0.0007512179909581768 0.0005418937356811028
0.00017361166812947988 0.00022226666733108329 0.0002831317458989604 0.000356542250569669 0.00044015327678240064 0.0005273487078402644 0.0006065360546713099 0.0006629244862749031 0.0006834778405495766 0.0006464275792869238 0.0005133816692288939 0.0003904707776664717
0.00013556642745523706 0.00016835524303977098 0.000207461966932046 0.0002522822354817139 0.00030072439424471195 0.0003487514906653776 0.00039047077766646965 0.0004192008353542535 0.0004294854004011568 0.0004192008353542535 0.00035654225056966474 0.0002831317458989584
0.00010618789274342426 0.00012844019416365467 0.00015394377873128188 0.00018197063314083682 0.000211021191598777 0.00023871583886931537 0.0002619797440999793 0.0002776096862673023 0.0002831317458989604 0.0002776096862673023 0.00025228223548171333 0.00020746196693204795
8.362249583335057e-05 9.888932633076908e-05 0.00011577813960056613 0.00013373020570715656 0.00015172284035315964 0.00016835524303977098 0.00018197063314083682 0.00019094872532131297 0.00019408961896236624 0.00019094872532131297 0.00018112828129451526 0.00015394377873128
* 8 0.9564957830881606 4 5 0.0029051211407397077
0.00017361166812947652 0.0002222666673310844 0.0002831317458989603 0.00035654225056966696 0.00044015327678240427 0.0005273487078402699 0.0005418937356811052 0.0003904707776664709 0.0002831317458989593 0.00020746196693204722 0.00015394377873128028 0.00011577813960056714
0.0002222666673310844 0.00029468216434674243 0.00039047077766646797 0.0005133816692288972 0.0006629244862749038 0.0008295534684593208 0.0007512179909581678 0.0005133816692288952 0.000356542250569669 0.0002522822354817114 0.0001819706331408382 0.00013373020570715707
0.0002804288464429199 0.00039047077766646797 0.0005418937356811047 0.0007512179909581733 0.0010280102137971315 0.0013647071293334898 0.0010280102137971352 0.000662924486274908 0.00044015327678240503 0.0003007243942447083 0.00021102119159877603 0.0001517228403531614
0.0002776096862672992 0.00041920083535424953 0.000662924486274905 0.0010662412053873557 0.0016370537274294993 0.002183114151316745 0.0013647071293334848 0.0008295534684593231 0.000527348707840269 0.0003487514906653783 0.00023871583886931434 0.00016835524303977306
0.00026197974409997784 0.0003904707776664717 0.0006065360546713077 0.0009902874207169802 0.0017178918256242738 0.0029051211407397077 0.0017178918256242615 0.000990287420716987 0.0006065360546713016 0.0003904707776664709 0.00026197974409997843 0.0001819706331408382
0.0002387158388693147 0.00034875149066538057 0.0005273487078402716 0.0008295534684593141 0.0013647071293334978 0.002357458755698376 0.00199987829973697 0.001110222229843908 0.000662924486274908 0.0004192008353542498 0.0002776096862672988 0.00019094872532131416
0.00021102119159877657 0.0003007243942447084 0.00044015327678240606 0.000662924486274905 0.0010280102137971312 0.001637053727429505 0.0021094545968546523 0.0011550771297743746 0.0006834778405495706 0.00042948540040115956 0.0002831317458989593 0.00019408961896236754
0.00018197063314083785 0.00025228223548171333 0.00035654225056966474 0.0005133816692288939 0.0007512179909581768 0.001110222229843901 0.001637053727429505 0.001110222229843908 0.000662924486274908 0.0004192008353542498 0.0002776096862672988 0.00019094872532131416
0.00015394377873128 0.00020746196693204795 0.0002831317458989584 0.0003904707776664717 0.0005418937356811028 0.0007512179909581768 0.0010280102137971312 0.0009781478555497946 0.0006065360546713016 0.0003904707776664709 0.00026197974409997843 0.0001819706331408382
0.00012844019416365242 0.00016835524303977195 0.000222266667331086 0.0002946821643467467 0.0003904707776664717 0.0005133816692288939 0.000662924486274905 0.0006629244862749031 0.0005121755386138991 0.0003487514906653783 0.00023871583886931434 0.00016835524303977306
0.00010618789274342429 0.00013556642745523388 0.000173611668129474 0.000222266667331086 0.0002831317458989584 0.00035654225056966474 0.00044015327678240606 0.00044015327678240064 0.000356542250569669 0.0002831317458989604 0.00021102119159877603 0.0001517228403531614
8.73284920723007e-05 0.0001088009023556342 0.00013556642745523388 0.00016835524303977195 0.00020746196693204795 0.00025228223548171333 0.0003007243942447084 0.00030072439424471195 0.0002522822354817139 0.000207461966932046 0.00016835524303977098 0.00013373020570715707
* 9 0.9465267150921334 6 7 0.004272535977809633
0.00010618789274342383 0.00012844019416365253 0.00015394377873128112 0.00018197063314083717 0.00021102119159877814 0.0002387158388693166 0.00026197974409997697 0.0002776096862673001 0.0002831317458989603 0.0002776096862673001 0.00026197974409997697 0.00022226666733108673
0.00013556642745523505 0.00016835524303976984 0.00020746196693204635 0.0002522822354817119 0.00030072439424471163 0.0003487514906653778 0.00039047077766646797 0.000419200835354254 0.0004294854004011566 0.000419200835354254 0.0003848719134284486 0.00029468216434674487
0.00017361166812947652 0.0002222666673310844 0.0002831317458989603 0.00035654225056966696 0.00044015327678240427 0.0005273487078402699 0.000606536054671305 0.0006629244862749038 0.0006834778405495778 0.0006629244862749038 0.0005418937356811052 0.0003904707776664709
0.0002222666673310844 0.00029468216434674243 0.00039047077766646797 0.0005133816692288972 0.0006629244862749038 0.0008295534684593208 0.0009902874207169865 0.001110222229843911 0.001155077129774373 0.0010662412053873557 0.0007512179909581678 0.0005133816692288952
0.0002831317458989603 0.00039047077766646797 0.0005418937356811047 0.0007512179909581733 0.0010280102137971315 0.0013647071293334898 0.001717891825624269 0.0019998782997369823 0.0021094545968546445 0.0016370537274294952 0.0010280102137971352 0.000662924486274908
0.00035654225056966696 0.0005133816692288972 0.0007512179909581733 0.001110222229843911 0.0016370537274294993 0.002357458755698377 0.003208932704932925 0.0039618337990413345 0.0037652084422885963 0.0023574587556983826 0.0013647071293334848 0.0008295534684593231
0.0004192008353542596 0.0006464275792869238 0.001027828333505865 0.0015471293027303022 0.0023278000193280093 0.003208932704932917 0.0039618337990413345 0.004272535977809633 0.0039618337990413345 0.0029051211407397077 0.0017178918256242615 0.000990287420716987
0.0003848719134284485 0.0005418937356811051 0.0007512179909581682 0.0010280102137971345 0.0013647071293334772 0.0017178918256242658 0.001999878299736978 0.0021094545968546384 0.001999878299736978 0.0017178918256242658 0.0013647071293334772 0.0010278283335058646
0.00029468216434674373 0.00039047077766646965 0.0005133816692288979 0.0006629244862749031 0.0008295534684593217 0.0009902874207169763 0.0011102222298439073 0.0011550771297743733 0.0011102222298439073 0.0009902874207169763 0.0008295534684593217 0.0006629244862749031
0.00022226666733108329 0.0002831317458989604 0.000356542250569669 0.00044015327678240064 0.0005273487078402644 0.0006065360546713099 0.0006629244862749031 0.0006834778405495766 0.0006629244862749031 0.0006065360546713099 0.0005273487078402644 0.00044015327678240064
0.00016835524303977098 0.000207461966932046 0.0002522822354817139 0.00030072439424471195 0.0003487514906653776 0.00039047077766646965 0.0004192008353542535 0.0004294854004011568 0.0004192008353542535 0.00039047077766646965 0.0003487514906653776 0.00030072439424471195
0.00012844019416365467 0.00015394377873128188 0.00018197063314083682 0.000211021191598777 0.00023871583886931537 0.0002619797440999793 0.0002776096862673023 0.0002831317458989604 0.0002776096862673023 0.0002619797440999793 0.00023871583886931537 0.000211021191598777
* 10 0.9607220746323908 6 4 0.001637053727429505
0.00019094872532130711 0.00019408961896236928 0.00019094872532130711 0.00018197063314083717 0.00016835524303976984 0.00015172284035316194 0.00013373020570715702 0.00011577813960056691 9.888932633076819e-05 8.362249583335211e-05 7.023220639275089e-05 5.8744838683572445e-05
0.0002776096862673001 0.0002831317458989603 0.0002776096862673001 0.00026197974409997697 0.0002387158388693166 0.00021102119159877814 0.00018197063314083717 0.00015394377873128112 0.00012844019416365253 0.00010618789274342383 8.73284920723e-05 7.163376360159333e-05
0.0004187228351175535 0.0004294854004011566 0.000419200835354254 0.00039047077766646797 0.0003487514906653778 0.00030072439424471163 0.0002522822354817119 0.00020746196693204635 0.00016835524303976984 0.00013556642745523505 0.00010880090235563456 8.73284920723e-05
0.00041920083535424953 0.0006590903357303261 0.0006629244862749038 0.000606536054671305 0.0005273487078402699 0.00044015327678240427 0.00035654225056966696 0.0002831317458989603 0.0002222666673310844 0.00017361166812947652 0.00013556642745523505 0.00010618789274342383
0.0003904707776664717 0.0006065360546713077 0.0009902874207169802 0.0009902874207169865 0.0008295534684593208 0.0006629244862749038 0.0005133816692288972 0.00039047077766646797 0.00029468216434674243 0.0002222666673310844 0.00016835524303976984 0.00012844019416365253
0.00034875149066538057 0.0005273487078402716 0.0008295534684593141 0.0013647071293334978 0.0013647071293334898 0.0010280102137971315 0.0007512179909581733 0.0005418937356811047 0.00039047077766646797 0.0002831317458989603 0.00020746196693204635 0.00015394377873128112
0.0003007243942447084 0.00044015327678240606 0.000662924486274905 0.0010280102137971312 0.001637053727429505 0.0016370537274294993 0.001110222229843911 0.0007512179909581733 0.0005133816692288972 0.00035654225056966696 0.0002522822354817119 0.00018197063314083717
0.00025228223548171333 0.00035654225056966474 0.0005133816692288939 0.0007512179909581768 0.0010662412053873557 0.0011550771297743733 0.0011102222298439073 0.000978147855549795 0.0006464275792869238 0.0004192008353542498 0.0002776096862672988 0.00019094872532131416
0.00020746196693204795 0.0002831317458989584 0.0003904707776664717 0.0005418937356811028 0.0006629244862749031 0.0006834778405495766 0.0006629244862749031 0.0006065360546713099 0.0005273487078402644 0.0003904707776664709 0.00026197974409997843 0.0001819706331408382
0.00016835524303977195 0.000222266667331086 0.0002946821643467467 0.0003848719134284485 0.0004192008353542535 0.0004294854004011568 0.0004192008353542535 0.00039047077766646965 0.0003487514906653776 0.00030072439424471195 0.00023871583886931434 0.00016835524303977306
0.00013556642745523388 0.000173611668129474 0.000222266667331086 0.0002619797440999793 0.0002776096862673023 0.0002831317458989604 0.0002776096862673023 0.0002619797440999793 0.00023871583886931537 0.000211021191598777 0.00018197063314083682 0.0001517228403531614
0.0001088009023556342 0.00013556642745523388 0.0001676886386332073 0.00018197063314083682 0.00019094872532131297 0.00019408961896236624 0.00019094872532131297 0.00018197063314083682 0.00016835524303977098 0.00015172284035315964 0.00013373020570715656 0.00011577813960056613
* 11 0.9607220746323877 6 6 0.0016370537274294993
5.8744838683572445e-05 7.023220639275089e-05 8.362249583335211e-05 9.888932633076819e-05 0.00011577813960056691 0.00013373020570715702 0.00015172284035316194 0.00016835524303976984 0.00018197063314083717 0.00017361166812947717 0.0001355664274552366 0.0001061878927434248
7.163376360159333e-05 8.73284920723e-05 0.00010618789274342383 0.00012844019416365253 0.00015394377873128112 0.00018197063314083717 0.00021102119159877814 0.0002387158388693166 0.00026197974409997697 0.00022226666733108326 0.0001683552430397724 0.00012844019416365348
8.73284920723e-05 0.00010880090235563456 0.00013556642745523505 0.00016835524303976984 0.00020746196693204635 0.0002522822354817119 0.00030072439424471163 0.0003487514906653778 0.0003848719134284485 0.0002831317458989592 0.00020746196693204754 0.00015394377873128112
0.00010618789274342383 0.00013556642745523505 0.00017361166812947652 0.0002222666673310844 0.0002831317458989603 0.00035654225056966696 0.00044015327678240427 0.0005273487078402699 0.0005133816692288958 0.00035654225056966897 0.00025228223548171225 0.00018197063314083652
0.00012844019416365253 0.00016835524303976984 0.0002222666673310844 0.00029468216434674243 0.00039047077766646797 0.0005133816692288972 0.0006629244862749038 0.0008295534684593208 0.0006629244862749032 0.0004401532767824026 0.0003007243942447108 0.00021102119159877722
0.00015394377873128112 0.00020746196693204635 0.0002831317458989603 0.00039047077766646797 0.0005418937356811047 0.0007512179909581733 0.0010280102137971315 0.0013002794302093726 0.0008295534684593238 0.0005273487078402732 0.00034875149066537856 0.0002387158388693164
0.00018197063314083717 0.0002522822354817119 0.00035654225056966696 0.0005133816692288972 0.0007512179909581733 0.001110222229843911 0.0016370537274294993 0.0016015582165912635 0.0009902874207169824 0.0006065360546713056 0.000390470777666467 0.00026197974409997903
0.0002074619669320478 0.000283131745898957 0.0003904707776664673 0.0005418937356811084 0.0007512179909581716 0.0010280102137971332 0.0013002794302093726 0.0010280102137971345 0.0007512179909581682 0.0005418937356811051 0.00039047077766646965 0.0002776096862673015
0.00016835524303977016 0.00022226666733108453 0.0002946821643467479 0.0003904707776664673 0.0005133816692288978 0.0006629244862749021 0.0008041358075873046 0.0006629244862749031 0.0005133816692288979 0.00039047077766646965 0.00029468216434674373 0.00022226666733108329
0.00013556642745523765 0.00017361166812947403 0.00022226666733108453 0.000283131745898957 0.00035654225056966593 0.0004401532767824054 0.0005168754378374371 0.00044015327678240064 0.000356542250569669 0.0002831317458989604 0.00022226666733108329 0.00017361166812947988
0.00010880090235563501 0.00013556642745523765 0.00016835524303977016 0.0002074619669320478 0.0002522822354817153 0.00030072439424470865 0.00034438017589422646 0.00030072439424471195 0.0002522822354817139 0.000207461966932046 0.00016835524303977098 0.00013556642745523706
8.732849207230055e-05 0.00010618789274342398 0.00012844019416365362 0.0001539437787312823 0.00018197063314083527 0.00021102119159877603 0.00023694439260941506 0.000211021191598777 0.00018197063314083682 0.00015394377873128188 0.00012844019416365467 0.00010618789274342426
* 12 0.9647347453138299 6 5 0.0010662412053873557
0.00010880090235563623 0.0001355664274552366 0.0001683552430397724 0.00016835524303976984 0.00015172284035316194 0.00013373020570715702 0.00011577813960056691 9.888932633076819e-05 8.362249583335211e-05 7.023220639275089e-05 5.8744838683572445e-05 4.904306640855659e-05
0.0001355664274552366 0.00017361166812947717 0.00022226666733108326 0.0002387158388693166 0.00021102119159877814 0.00018197063314083717 0.00015394377873128112 0.00012844019416365253 0.00010618789274342383 8.73284920723e-05 7.163376360159333e-05 5.8744838683572445e-05
0.0001683552430397724 0.00022226666733108326 0.00029468216434674557 0.0003487514906653778 0.00030072439424471163 0.0002522822354817119 0.00020746196693204635 0.00016835524303976984 0.00013556642745523505 0.00010880090235563456 8.73284920723e-05 7.023220639275089e-05
