* 0 0.9349733664101003 6 5 0.006972507603032823
0.00017294176528863397 0.00021021979613592822 0.00023781695848704463 0.0002609988435080546 0.00027657360614294753 0.00028207615655269114 0.00027657360614294753 0.0002609988435080546 0.00023781695848704463 0.00021021979613592822 0.000181271359232991 0.00015334299512353018
0.00022142570654119998 0.0002933602708666367 0.0003474634734636996 0.00038903443733337136 0.0004176621170212425 0.00042790998929054946 0.0004176621170212425 0.00038903443733337136 0.0003474634734636996 0.00029960659767777853 0.0002513355406255431 0.00020667308925817278
0.00028207615655268946 0.0003890344373333725 0.0005218926699050574 0.0006043257378360402 0.0006605108543180346 0.0006809899881505686 0.0006605108543180346 0.0006043257378360402 0.000525423062642379 0.0004385397812069641 0.00035522656677285623 0.00028207615655269114
0.00034691860048262173 0.0005082783350756412 0.0007484851200756604 0.0009866856918152585 0.0011061826302238684 0.0011508734821480352 0.0011061826302238684 0.0009866856918152585 0.0008265365585356128 0.0006605108543180346 0.0005115061231114616 0.00038903443733337136
0.0003890344373333771 0.0006043257378360456 0.0009695683639838474 0.0015718206522938641 0.0019925639052827877 0.002101734517405077 0.0019925639052827877 0.0017116194493429207 0.0013597350001416197 0.001024270888251462 0.0007484851200756601 0.000539915881990423
0.00041766211702123966 0.0006605108543180396 0.0011061826302238718 0.001982520736717501 0.0034583304079143706 0.0042567507978719795 0.003947211975041689 0.0031971241841783214 0.002348819101631385 0.0016310794826967534 0.0011061826302238684 0.0007484851200756601
0.00042790998929055304 0.0006809899881505608 0.001150873482148035 0.0021017345174050668 0.004251808979902268 0.006972507603032823 0.006371568956818292 0.004252096209589696 0.0026421848997652967 0.001631079482696749 0.0010242708882514675 0.0006605108543180424
0.00041766211702123966 0.0006605108543180396 0.0011061826302238718 0.001982520736717502 0.003159270290523618 0.003458330407914371 0.0031825487750168024 0.00234881910163138 0.001631079482696749 0.001106182630223874 0.0007484851200756581 0.0005115061231114552
0.0003890344373333771 0.0006043257378360456 0.0009695683639838468 0.001359735000141627 0.0017116194493429194 0.0018412296546480153 0.0017116194493429304 0.0013597350001416275 0.0010242708882514675 0.0007484851200756581 0.0005399158819904249 0.000389034437333376
0.0003474634734636973 0.0005082783350756409 0.0006605108543180383 0.000826536558535606 0.0009866856918152647 0.0010523397060856563 0.0009866856918152615 0.0008265365585356163 0.0006605108543180424 0.0005115061231114552 0.000389034437333376 0.0002935857418241732
0.00028207615655268567 0.0003552265667728495 0.0004385397812069717 0.0005254230626423816 0.000604325737836045 0.0006395029425619265 0.0006043257378360425 0.0005254230626423821 0.0004385397812069674 0.00035522656677285363 0.0002820761565526882 0.00022142570654119846
0.00020667308925817436 0.000251335540625541 0.000299606597677776 0.00034746347346369236 0.00038903443733337455 0.00040903756324088455 0.000389034437333376 0.0003474634734636955 0.0002996065976777786 0.00025133554062554525 0.000206673089258174 0.00016770381000791394
* 1 0.955990406997868 8 6 0.001711619449342936
7.12999749504674e-05 8.692612344452335e-05 0.00010574155657665955 0.00012792914933126755 0.00015334299512353156 0.00017998905273489956 0.00015334299512352977 0.00012792914933126614 0.00010574155657666037 8.692612344452247e-05 7.129997495046769e-05 5.8478277042230016e-05
8.692612344452335e-05 0.00010835020413164945 0.00013503029566752674 0.00016770381000791708 0.0002066730892581677 0.0002484641712920743 0.0002066730892581739 0.00016770381000791543 0.00013503029566752826 0.00010835020413165086 8.692612344452247e-05 6.990584977307395e-05
0.00010574155657665955 0.00013503029566752674 0.00017294176528863373 0.00022142570654119898 0.0002820761565526906 0.00034905331514462426 0.00028207615655268946 0.00022142570654119998 0.00017294176528863397 0.00013503029566752826 0.00010574155657666037 8.32318168059736e-05
0.00012792914933126755 0.00016770381000791708 0.00022142570654119898 0.00029358574182417394 0.000389034437333374 0.0004986108846265457 0.0003890344373333725 0.0002935857418241752 0.00022142570654119998 0.00016770381000791543 0.00012792914933126614 9.845733857626853e-05
0.00015334299512353156 0.0002066730892581677 0.0002820761565526906 0.000389034437333374 0.0005399158819904272 0.000721973721695681 0.0005399158819904201 0.0003890344373333725 0.00028207615655268946 0.0002066730892581739 0.00015334299512352977 0.00011531073425999553
0.00018127135923299385 0.00025133554062554145 0.000355226566772849 0.0005115061231114522 0.0007484851200756595 0.0010523397060856563 0.0007484851200756604 0.0005115061231114592 0.00035522656677285504 0.0002513355406255408 0.0001812713592329955 0.00013320053900281987
0.0001902179007895557 0.0002765736061429497 0.00041766211702124324 0.0006395029425619262 0.0010199683249953921 0.001524247586118527 0.0010242708882514681 0.0006605108543180398 0.0004385397812069675 0.0002996065976777737 0.00021021979613592456 0.00015112986517377283
0.00018127135923299314 0.000260998843508056 0.00038903443733337455 0.000604325737836045 0.0009866856918152647 0.0017116194493429194 0.00135973500014163 0.0008265365585356223 0.0005254230626423825 0.00034746347346369593 0.0002378169584870401 0.00016770381000791543
0.0001677038100079164 0.00023781695848704157 0.00034746347346369236 0.0005254230626423816 0.000826536558535606 0.001359735000141627 0.001711619449342936 0.0009866856918152697 0.0006043257378360419 0.0003890344373333725 0.0002609988435080518 0.0001812713592329955
0.00015112986517377307 0.00021021979613592852 0.000299606597677776 0.0004385397812069717 0.0006605108543180383 0.001019968324995391 0.0015242475861185268 0.0011061826302238773 0.0006605108543180398 0.0004176621170212431 0.0002765736061429489 0.00019021790078955375
0.00013320053900282237 0.00018127135923299314 0.000251335540625541 0.0003552265667728495 0.0005115061231114563 0.0007219737216956825 0.0010199683249953893 0.00115087348214804 0.0006809899881505662 0.0004279099892905478 0.00028207615655268946 0.00019334775504438638
0.000115310734259996 0.000153342995123529 0.00020667308925817436 0.00028207615655268567 0.00038157409366818495 0.0005115061231114552 0.0006605108543180424 0.0008265365585356163 0.0006605108543180398 0.0004176621170212431 0.0002765736061429489 0.00019021790078955375
* 2 0.9538361356704136 6 6 0.001982520736717502
7.12999749504674e-05 8.692612344452335e-05 0.00010574155657665955 0.00012792914933126755 0.00015112986517377072 0.000167703810007917 0.000181271359232991 0.00019021790078954973 0.00019334775504438811 0.00019021790078954973 0.00017998905273490013 0.0001332005390028202
8.692612344452335e-05 0.00010835020413164945 0.00013503029566752674 0.00016770381000791708 0.0002066730892581677 0.00023781695848704463 0.0002609988435080546 0.00027657360614294753 0.00028207615655269114 0.00027657360614294753 0.0002102197961359246 0.0001511298651737747
0.00010574155657665955 0.00013503029566752674 0.00017294176528863373 0.00022142570654119898 0.0002820761565526906 0.0003469186004826225 0.00038903443733337136 0.0004176621170212425 0.00042790998929054946 0.00034746347346369593 0.0002378169584870391 0.00016770381000791833
0.00012792914933126755 0.00016770381000791708 0.00022142570654119898 0.00029358574182417394 0.000389034437333374 0.0005082783350756416 0.0006043257378360402 0.0006605108543180346 0.0006043257378360397 0.0003890344373333744 0.00026099884350805526 0.00018127135923299594
0.00015334299512353156 0.0002066730892581677 0.0002820761565526906 0.000389034437333374 0.0005399158819904272 0.0007484851200756595 0.000969568363983847 0.0010523397060856565 0.0006605108543180413 0.0004176621170212401 0.00027657360614295246 0.00019021790078955236
0.00018127135923299385 0.00025133554062554145 0.000355226566772849 0.0005115061231114522 0.0007484851200756595 0.0011061826302238825 0.001585627568749085 0.0011508734821480387 0.0006809899881505613 0.0004279099892905517 0.0002820761565526868 0.0001933477550443877
0.00021021979613592472 0.0002996065976777764 0.00043853978120696825 0.0006605108543180335 0.0010242708882514634 0.0016310794826967568 0.001982520736717502 0.0011061826302238742 0.0006605108543180413 0.0004176621170212401 0.00027657360614295246 0.00019021790078955236
0.00023781695848704002 0.0003474634734636966 0.000521892669905058 0.0007484851200756608 0.0010242708882514649 0.001359735000141619 0.0013597350001416275 0.0009695683639838477 0.0006043257378360397 0.0003890344373333744 0.00026099884350805526 0.00018127135923299594
0.00022142570654119868 0.00029358574182417204 0.0003890344373333766 0.0005115061231114532 0.0006605108543180406 0.0008265365585356195 0.0008265365585356163 0.0006605108543180424 0.0005082783350756407 0.00034746347346369593 0.0002378169584870391 0.00016770381000791833
0.00017294176528863308 0.00022142570654119868 0.00028207615655269033 0.00035522656677285097 0.00043853978120697275 0.0005254230626423819 0.0005254230626423821 0.0004385397812069674 0.00035522656677285363 0.0002820761565526882 0.0002102197961359246 0.0001511298651737747
0.0001350302956675299 0.0001677038100079153 0.00020667308925817325 0.0002513355406255463 0.0002996065976777741 0.00034746347346370125 0.0003474634734636955 0.0002996065976777786 0.00025133554062554525 0.000206673089258174 0.00016770381000791394 0.0001332005390028202
0.0001057415565766604 0.00012792914933126568 0.00015334299512353126 0.0001812713592329932 0.00021021979613592852 0.0002378169584870428 0.00023781695848703861 0.00021021979613592743 0.00018127135923298973 0.0001533429951235285 0.00012792914933126495 0.00010574155657666054
* 3 0.9585659496812173 7 5 0.0013597350001416275
5.847827704222812e-05 6.99058497730739e-05 8.323181680597655e-05 9.845733857626659e-05 0.00011531073425999321 0.0001326635759460133 0.00011531073425999553 9.845733857626853e-05 8.32318168059736e-05 6.990584977307395e-05 5.8478277042230016e-05 4.882534920393596e-05
7.129997495046606e-05 8.692612344452069e-05 0.00010574155657665937 0.00012792914933126655 0.00015334299512353018 0.00017998905273490008 0.00015334299512352977 0.00012792914933126614 0.00010574155657666037 8.692612344452247e-05 7.129997495046769e-05 5.8478277042230016e-05
8.692612344452069e-05 0.00010835020413165143 0.00013503029566752666 0.000167703810007917 0.00020667308925817278 0.0002484641712920743 0.0002066730892581739 0.00016770381000791543 0.00013503029566752826 0.00010835020413165086 8.692612344452247e-05 6.990584977307395e-05
0.00010574155657665937 0.00013503029566752666 0.0001729417652886332 0.00022142570654119496 0.00028207615655269114 0.00034905331514462426 0.00028207615655268946 0.00022142570654119998 0.00017294176528863397 0.00013503029566752826 0.00010574155657666037 8.32318168059736e-05
0.00012792914933126655 0.000167703810007917 0.00022142570654119496 0.00029358574182417497 0.00038903443733337136 0.0004986108846265457 0.0003890344373333725 0.0002935857418241752 0.00022142570654119998 0.00016770381000791543 0.00012792914933126614 9.845733857626853e-05
0.00015334299512353018 0.00020667308925817278 0.00028207615655269114 0.00038903443733337136 0.000539915881990423 0.000721973721695681 0.0005399158819904201 0.0003890344373333725 0.00028207615655268946 0.0002066730892581739 0.00015334299512352977 0.00011531073425999553
0.000181271359232991 0.0002513355406255431 0.00035522656677285623 0.0005115061231114616 0.0007484851200756601 0.0010523397060856565 0.0007484851200756604 0.0005115061231114592 0.00035522656677285504 0.0002513355406255408 0.0001812713592329955 0.00013320053900281987
0.00021021979613592822 0.00029960659767777853 0.0004385397812069641 0.0006605108543180346 0.001024270888251462 0.0013597350001416275 0.0009773550211718213 0.0006605108543180398 0.0004385397812069675 0.0002996065976777737 0.00021021979613592456 0.00015112986517377283
0.00023781695848704463 0.0003474634734636996 0.000525423062642379 0.0007947234122570312 0.0009428192860890724 0.0008265365585356163 0.0006605108543180424 0.0005115061231114552 0.000389034437333376 0.0002935857418241732 0.00022142570654119846 0.00016666191090196122
0.0002609988435080546 0.0003552265667728495 0.0004385397812069717 0.0005254230626423816 0.0005865605153653272 0.0005254230626423821 0.0004385397812069674 0.00035522656677285363 0.0002820761565526882 0.00022142570654119846 0.00017294176528863292 0.0001350302956675281
0.00020667308925817436 0.000251335540625541 0.000299606597677776 0.00034746347346369236 0.00038157409366818495 0.0003474634734636955 0.0002996065976777786 0.00025133554062554525 0.000206673089258174 0.00016770381000791394 0.0001350302956675281 0.00010835020413164935
0.000153342995123529 0.00018127135923299314 0.00021021979613592852 0.00023781695848704157 0.0002578654442636589 0.00023781695848703861 0.00021021979613592743 0.00018127135923298973 0.0001533429951235285 0.00012792914933126495 0.00010574155657666054 8.692612344452159e-05
* 4 0.948917406750245 7 5 0.0022768250275691264
6.99058497730739e-05 8.323181680597655e-05 9.845733857626659e-05 0.00011531073425999321 0.00013320053900282036 0.0001503499554471116 0.00013320053900281987 0.00011531073425999553 9.845733857626853e-05 8.32318168059736e-05 6.990584977307395e-05 5.8478277042230016e-05
8.692612344452069e-05 0.00010574155657665937 0.00012792914933126655 0.00015334299512353018 0.000181271359232991 0.0002083494932873153 0.0001812713592329955 0.00015334299512352977 0.00012792914933126614 0.00010574155657666037 8.692612344452247e-05 7.129997495046769e-05
0.00010835020413165143 0.00013503029566752666 0.000167703810007917 0.00020667308925817278 0.0002513355406255431 0.00029533067921236664 0.0002513355406255408 0.0002066730892581739 0.00016770381000791543 0.00013503029566752826 0.00010835020413165086 8.692612344452247e-05
0.00013503029566752666 0.0001729417652886332 0.00022142570654119496 0.00028207615655269114 0.00035522656677285623 0.00042902443664144356 0.00035522656677285504 0.00028207615655268946 0.00022142570654119998 0.00017294176528863397 0.00013503029566752826 0.00010574155657666037
0.000167703810007917 0.00022142570654119496 0.00029358574182417497 0.00038903443733337136 0.0005115061231114616 0.0006395029425619277 0.0005115061231114592 0.0003890344373333725 0.0002935857418241752 0.00022142570654119998 0.00016770381000791543 0.00012792914933126614
0.00020667308925817278 0.00028207615655269114 0.00038903443733337136 0.000539915881990423 0.0007484851200756601 0.0009773550211718213 0.0007484851200756604 0.0005399158819904201 0.0003890344373333725 0.00028207615655268946 0.0002066730892581739 0.00015334299512352977
0.0002513355406255431 0.00035522656677285623 0.0005115061231114616 0.0007484851200756601 0.0011061826302238684 0.0015242475861185283 0.0011061826302238773 0.0007484851200756604 0.0005115061231114592 0.00035522656677285504 0.0002513355406255408 0.00017998905273489918
0.00029960659767777853 0.0004385397812069641 0.0006605108543180346 0.001024270888251462 0.0016310794826967534 0.0022768250275691264 0.001359735000141627 0.000826536558535606 0.0005254230626423816 0.00034746347346369236 0.00023781695848704157 0.0001677038100079164
0.0002996065976777741 0.00043853978120697275 0.0006605108543180406 0.0010242708882514649 0.0016310794826967625 0.001631079482696761 0.0010242708882514636 0.0006605108543180383 0.0004385397812069717 0.000299606597677776 0.00021021979613592852 0.00015112986517377307
0.0002513355406255463 0.00035522656677285097 0.0005115061231114532 0.0007484851200756608 0.0011061826302238794 0.0011061826302238686 0.0007484851200756659 0.0005115061231114563 0.0003552265667728495 0.000251335540625541 0.00018127135923299314 0.00013320053900282237
0.00020667308925817325 0.00028207615655269033 0.0003890344373333766 0.0005399158819904214 0.0007484851200756608 0.0007484851200756659 0.0005399158819904204 0.00038903443733337455 0.00028207615655268567 0.00020667308925817436 0.000153342995123529 0.000115310734259996
0.0001677038100079153 0.00022142570654119868 0.00029358574182417204 0.0003890344373333766 0.0005115061231114532 0.0005082783350756405 0.00038903443733337455 0.00029358574182417865 0.00022142570654119906 0.0001677038100079164 0.00012792914933126403 9.845733857626815e-05
* 5 0.9489174067502425 5 6 0.002276825027569132
0.00010574155657665937 0.00012792914933126655 0.00015334299512353018 0.000181271359232991 0.00021021979613592822 0.00023781695848704463 0.0002578654442636583 0.00023781695848704002 0.0002066730892581739 0.00016770381000791543 0.00013447050481392783 0.00010574155657666001
0.00013503029566752666 0.000167703810007917 0.00020667308925817278 0.0002513355406255431 0.00029960659767777853 0.0003474634734636996 0.0003815740936681856 0.00034691860048262276 0.00028207615655268946 0.00021930134171076088 0.00016770381000791833 0.00012792914933126682
0.0001729417652886332 0.00022142570654119496 0.00028207615655269114 0.00035522656677285623 0.0004385397812069641 0.000525423062642379 0.0005865605153653273 0.0005082783350756412 0.00038157409366818413 0.0002820761565526868 0.0002066730892581725 0.0001533429951235303
0.00022142570654119496 0.00029358574182417497 0.00038903443733337136 0.0005115061231114616 0.0006605108543180346 0.0008265365585356128 0.0009428192860890723 0.0007219737216956824 0.000511506123111461 0.0003552265667728532 0.00025133554062554107 0.00018127135923299594
0.00023781695848703861 0.0003474634734636955 0.000521892669905058 0.0007484851200756601 0.001024270888251462 0.0013597350001416197 0.001524247586118528 0.0010199683249953917 0.0006605108543180413 0.00043853978120696874 0.00029960659767777625 0.0002102197961359246
0.00021021979613592743 0.0002996065976777786 0.0004385397812069674 0.0006605108543180424 0.0010242708882514675 0.001631079482696749 0.002276825027569132 0.0013597350001416369 0.0008265365585356137 0.0005254230626423785 0.00034746347346369593 0.0002378169584870391
0.00018127135923298973 0.00025133554062554525 0.00035522656677285363 0.0005115061231114552 0.0007484851200756581 0.001106182630223874 0.001631079482696749 0.0017116194493429222 0.0009866856918152617 0.0006043257378360397 0.0003890344373333744 0.00026099884350805526
0.0001533429951235285 0.000206673089258174 0.0002820761565526882 0.000389034437333376 0.0005399158819904249 0.0007484851200756581 0.0010242708882514675 0.0013597350001416275 0.0011061826302238742 0.0006605108543180413 0.0004176621170212401 0.00027657360614295246
0.00012792914933126495 0.00016770381000791394 0.00022142570654119846 0.0002935857418241732 0.000389034437333376 0.0005115061231114552 0.0006605108543180424 0.0008265365585356163 0.0009866856918152615 0.0006809899881505613 0.0004279099892905517 0.0002820761565526868
0.00010574155657666054 0.0001350302956675281 0.00017294176528863292 0.00022142570654119846 0.0002820761565526882 0.00035522656677285363 0.0004385397812069674 0.0005254230626423821 0.0006043257378360425 0.0006395029425619257 0.0004176621170212401 0.00027657360614295246
8.692612344452159e-05 0.00010835020413164935 0.0001350302956675281 0.00016770381000791394 0.000206673089258174 0.00025133554062554525 0.0002996065976777786 0.0003474634734636955 0.000389034437333376 0.00041766211702124514 0.0003552265667728495 0.000251335540625541
7.129997495046718e-05 8.692612344452159e-05 0.00010574155657666054 0.00012792914933126495 0.0001533429951235285 0.00018127135923298973 0.00021021979613592743 0.00023781695848703861 0.0002609988435080535 0.00027657360614294927 0.0002783375894803331 0.00020667308925817436
* 6 0.9585659496812173 7 6 0.0013597350001416275
4.882534920393545e-05 5.847827704222812e-05 6.99058497730739e-05 8.323181680597655e-05 9.845733857626659e-05 0.00011531073425999321 0.00013320053900282036 0.00015112986517377072 0.000167703810007917 0.00017294176528863625 0.0001350302956675276 0.00010574155657665915
5.847827704222812e-05 7.129997495046606e-05 8.692612344452069e-05 0.00010574155657665937 0.00012792914933126655 0.00015334299512353018 0.000181271359232991 0.00021021979613592822 0.00023781695848704463 0.00022142570654119724 0.00016770381000791708 0.00012792914933126362
6.99058497730739e-05 8.692612344452069e-05 0.00010835020413165143 0.00013503029566752666 0.000167703810007917 0.00020667308925817278 0.0002513355406255431 0.00029960659767777853 0.0003474634734636996 0.00028207615655269396 0.00020667308925817132 0.0001533429951235295
8.323181680597655e-05 0.00010574155657665937 0.00013503029566752666 0.0001729417652886332 0.00022142570654119496 0.00028207615655269114 0.00035522656677285623 0.0004385397812069641 0.0005082783350756412 0.00035522656677285726 0.0002513355406255396 0.00017998905273490013
9.845733857626659e-05 0.00012792914933126655 0.000167703810007917 0.00022142570654119496 0.00029358574182417497 0.00038903443733337136 0.0005115061231114616 0.0006605108543180346 0.0006395029425619264 0.0004162774397179037 0.0002764205737887353 0.0001902179007895557
0.00011531073425999321 0.00015334299512353018 0.00020667308925817278 0.00028207615655269114 0.00038903443733337136 0.000539915881990423 0.0007484851200756601 0.0010199683249953908 0.000653686341818652 0.00041627743971790363 0.0002764205737887372 0.00019021790078955033
0.00013320053900282036 0.000181271359232991 0.0002513355406255431 0.00035522656677285623 0.0005115061231114616 0.0007484851200756601 0.0011061826302238684 0.0009866856918152615 0.0006043257378360425 0.000389034437333376 0.0002609988435080535 0.00018127135923298973
0.00015112986517377072 0.00021021979613592822 0.00029960659767777853 0.0004385397812069641 0.0006605108543180346 0.001024270888251462 0.0013597350001416275 0.0008265365585356163 0.0005254230626423821 0.0003474634734636955 0.00023781695848703861 0.00016770381000791394
0.0001666619109019607 0.0002352953964788819 0.00034157189829970295 0.0005118374739043203 0.0007947234122570312 0.0012820979679004855 0.0010242708882514675 0.0006605108543180424 0.0004385397812069674 0.0002996065976777786 0.00021021979613592743 0.00015112986517377042
0.00015112986517377353 0.00021021979613592852 0.0002996065976777741 0.00043853978120697275 0.0006605108543180406 0.0010199683249953924 0.0007484851200756581 0.0005115061231114552 0.00035522656677285363 0.00025133554062554525 0.00018127135923298973 0.00013320053900281993
0.000133200539002817 0.0001812713592329932 0.0002513355406255463 0.00035522656677285097 0.0005115061231114532 0.0007219737216956819 0.0005399158819904249 0.000389034437333376 0.0002820761565526882 0.000206673089258174 0.0001533429951235285 0.00011531073425999595
0.00011531073425999695 0.00015334299512353126 0.00020667308925817325 0.00028207615655269033 0.0003890344373333766 0.0005115061231114552 0.000389034437333376 0.0002935857418241732 0.00022142570654119846 0.00016770381000791394 0.00012792914933126495 9.845733857626702e-05
* 7 0.9525206418276305 7 5 0.001524247586118528
6.990584977307399e-05 8.692612344452247e-05 0.00010835020413165244 0.00013320053900282036 0.0001503499554471116 0.00013320053900282071 0.0001153107342599935 9.845733857626653e-05 8.323181680597492e-05 6.990584977307297e-05 5.847827704222926e-05 4.882534920393405e-05
8.323181680597627e-05 0.00010574155657665915 0.0001350302956675276 0.00017294176528863625 0.0002083494932873153 0.00018127135923299385 0.00015334299512353156 0.00012792914933126755 0.00010574155657665955 8.692612344452335e-05 7.12999749504674e-05 5.847827704222926e-05
9.845733857626629e-05 0.00012792914933126362 0.00016770381000791708 0.00022142570654119724 0.00029336027086663804 0.00025133554062554145 0.0002066730892581677 0.00016770381000791708 0.00013503029566752674 0.00010835020413164945 8.692612344452335e-05 6.990584977307297e-05
0.00011531073425999483 0.0001533429951235295 0.00020667308925817132 0.00028207615655269396 0.0003890344373333771 0.000355226566772849 0.0002820761565526906 0.00022142570654119898 0.00017294176528863373 0.00013503029566752674 0.00010574155657665955 8.323181680597492e-05
0.00013320053900282082 0.00018127135923299152 0.0002513355406255396 0.00035522656677285726 0.0005115061231114597 0.0005115061231114522 0.000389034437333374 0.00029358574182417394 0.00022142570654119898 0.00016770381000791708 0.00012792914933126755 9.845733857626653e-05
0.0001511298651737741 0.00021021979613592825 0.00029960659767777636 0.00043853978120696993 0.0006605108543180396 0.0007484851200756595 0.0005399158819904272 0.000389034437333374 0.0002820761565526906 0.0002066730892581677 0.00015334299512353156 0.0001153107342599935
0.00016770381000791708 0.00023781695848704005 0.0003474634734636973 0.0005254230626423776 0.0008265365585356108 0.0011061826302238825 0.0007484851200756595 0.0005115061231114522 0.000355226566772849 0.00025133554062554145 0.00018127135923299385 0.00013320053900282071
0.00018127135923299152 0.0002609988435080535 0.0003890344373333771 0.0006043257378360456 0.0009866856918152702 0.001524247586118528 0.0009773550211718213 0.0006395029425619262 0.00042902443664144356 0.00029533067921236745 0.0002083494932873159 0.00015034995544711098
0.00019021790078955675 0.0002765736061429555 0.00041766211702123966 0.0006605108543180396 0.0011061826302238718 0.001106182630223874 0.0007484851200756581 0.0005115061231114552 0.00035522656677285363 0.00025133554062554525 0.00018127135923298973 0.00013320053900281993
0.00019334775504438467 0.00028207615655269396 0.00042790998929055304 0.0006809899881505608 0.0010242708882514675 0.0007484851200756581 0.0005399158819904249 0.000389034437333376 0.0002820761565526882 0.000206673089258174 0.0001533429951235285 0.00011531073425999595
0.00019021790078955675 0.0002765736061429555 0.00041766211702123966 0.0006605108543180396 0.0006605108543180424 0.0005115061231114552 0.000389034437333376 0.0002935857418241732 0.00022142570654119846 0.00016770381000791394 0.00012792914933126495 9.845733857626702e-05
0.00018127135923299152 0.0002609988435080535 0.0003890344373333771 0.0005254230626423821 0.0004385397812069674 0.00035522656677285363 0.0002820761565526882 0.00022142570654119846 0.00017294176528863292 0.0001350302956675281 0.00010574155657666054 8.323181680597373e-05
* 8 0.9469642895664749 5 6 0.002395958934989993
8.692612344452335e-05 0.00010835020413164945 0.00013503029566752674 0.00016770381000791708 0.0002066730892581677 0.00025133554062554145 0.0002609988435080546 0.00023781695848704463 0.00021021979613592822 0.000181271359232991 0.00015334299512353018 0.00012745541979395543
0.00010574155657665955 0.00013503029566752674 0.00017294176528863373 0.00022142570654119898 0.0002820761565526906 0.000355226566772849 0.00038903443733337136 0.0003474634734636996 0.00029960659767777853 0.0002513355406255431 0.0002048801759694819 0.0001533429951235295
0.00012792914933126755 0.00016770381000791708 0.00022142570654119898 0.00029358574182417394 0.000389034437333374 0.0005115061231114522 0.0006043257378360402 0.000525423062642379 0.0004385397812069641 0.00034905331514462426 0.0002513355406255396 0.00018127135923299152
0.00015334299512353156 0.0002066730892581677 0.0002820761565526906 0.000389034437333374 0.0005399158819904272 0.0007484851200756595 0.000969568363983847 0.0008265365585356128 0.0006395029425619272 0.00043853978120696993 0.00029960659767777636 0.00021021979613592825
0.00017998905273489978 0.00025133554062554145 0.000355226566772849 0.0005115061231114522 0.0007484851200756595 0.0011061826302238825 0.001585627568749085 0.0012820979679004855 0.0008265365585356108 0.0005254230626423776 0.0003474634734636973 0.00023781695848704005
0.00019021790078955236 0.00027657360614295246 0.0004176621170212401 0.0006395029425619272 0.0010199683249953921 0.0016310794826967568 0.002395958934989993 0.0015856275687490854 0.0009695683639838468 0.0006043257378360456 0.0003890344373333771 0.0002609988435080535
0.0001933477550443877 0.0002820761565526868 0.0004279099892905517 0.0006809899881505613 0.0011508734821480387 0.0020465246403628644 0.001631079482696749 0.001106182630223874 0.0007484851200756581 0.0005115061231114552 0.00035522656677285363 0.00025133554062554525
0.00019021790078955236 0.00027657360614295246 0.0004176621170212401 0.0006605108543180413 0.0011061826302238742 0.0013597350001416275 0.0010242708882514675 0.0007484851200756581 0.0005399158819904249 0.000389034437333376 0.0002820761565526882 0.000206673089258174
0.00018127135923299594 0.00026099884350805526 0.0003890344373333744 0.0006043257378360397 0.0009428192860890724 0.0008265365585356163 0.0006605108543180424 0.0005115061231114552 0.000389034437333376 0.0002935857418241732 0.00022142570654119846 0.00016770381000791394
0.00016770381000791833 0.0002378169584870391 0.00034746347346369593 0.0005254230626423785 0.0006043257378360425 0.0005254230626423821 0.0004385397812069674 0.00035522656677285363 0.0002820761565526882 0.00022142570654119846 0.00017294176528863292 0.0001350302956675281
0.0001511298651737747 0.0002102197961359246 0.00029960659767777625 0.00041766211702124514 0.000389034437333376 0.0003474634734636955 0.0002996065976777786 0.00025133554062554525 0.000206673089258174 0.00016770381000791394 0.0001350302956675281 0.00010835020413164935
0.0001332005390028202 0.00018127135923299594 0.00025133554062554107 0.00027657360614294927 0.0002609988435080535 0.00023781695848703861 0.00021021979613592743 0.00018127135923298973 0.0001533429951235285 0.00012792914933126495 0.00010574155657666054 8.692612344452159e-05
* 9 0.9569706994966333 6 5 0.0010523397060856565
5.847827704222812e-05 6.99058497730739e-05 8.323181680597655e-05 9.845733857626659e-05 0.00011531073425999321 0.00013320053900282036 0.00015112986517377072 0.000167703810007917 0.000181271359232991 0.00019021790078954973 0.00019334775504438811 0.0001533429951235295
7.129997495046606e-05 8.692612344452069e-05 0.00010574155657665937 0.00012792914933126655 0.00015334299512353018 0.000181271359232991 0.00021021979613592822 0.00023781695848704463 0.0002609988435080546 0.00027657360614294753 0.0002513355406255396 0.00018127135923299152
8.692612344452069e-05 0.00010835020413165143 0.00013503029566752666 0.000167703810007917 0.00020667308925817278 0.0002513355406255431 0.00029960659767777853 0.0003474634734636996 0.00038903443733337136 0.0004090375632408841 0.0002765736061429497 0.0001902179007895557
0.00010574155657665937 0.00013503029566752666 0.0001729417652886332 0.00022142570654119496 0.00028207615655269114 0.00035522656677285623 0.0004385397812069641 0.000525423062642379 0.0005865605153653256 0.00038903443733337455 0.000260998843508056 0.00018127135923299314
0.00012792914933126655 0.000167703810007917 0.00022142570654119496 0.00029358574182417497 0.00038903443733337136 0.0005115061231114616 0.0006605108543180346 0.0007947234122570312 0.0005254230626423816 0.00034746347346369236 0.00023781695848704157 0.0001677038100079164
0.00015334299512353018 0.00020667308925817278 0.00028207615655269114 0.00038903443733337136 0.000539915881990423 0.0007484851200756601 0.0009773550211718213 0.0006605108543180383 0.0004385397812069717 0.000299606597677776 0.00021021979613592852 0.00015112986517377307
0.000181271359232991 0.0002513355406255431 0.00035522656677285623 0.0005115061231114616 0.0007484851200756601 0.0010523397060856565 0.0007484851200756659 0.0005115061231114563 0.0003552265667728495 0.000251335540625541 0.00018127135923299314 0.00013320053900282237
0.00021021979613592822 0.00029960659767777853 0.0004385397812069641 0.0006605108543180346 0.0009664353533286299 0.0007484851200756659 0.0005399158819904204 0.00038903443733337455 0.00028207615655268567 0.00020667308925817436 0.000153342995123529 0.000115310734259996
0.00023781695848704463 0.0003469186004826225 0.0004385397812069674 0.0005254230626423821 0.0006043257378360425 0.0005115061231114563 0.00038903443733337455 0.00029358574182417865 0.00022142570654119906 0.0001677038100079164 0.00012792914933126403 9.845733857626815e-05
0.000206673089258174 0.00025133554062554525 0.0002996065976777786 0.0003474634734636955 0.000389034437333376 0.0003552265667728495 0.00028207615655268567 0.00022142570654119906 0.00017294176528863568 0.00013503029566753019 0.00010574155657665856 8.323181680597453e-05
0.0001533429951235285 0.00018127135923298973 0.00021021979613592743 0.00023781695848703861 0.0002609988435080535 0.000251335540625541 0.00020667308925817436 0.0001677038100079164 0.00013503029566753019 0.00010835020413164837 8.692612344452126e-05 6.990584977307221e-05
0.00011531073425999595 0.00013320053900281993 0.00015112986517377042 0.00016770381000791394 0.00018127135923298973 0.00018127135923299314 0.000153342995123529 0.00012792914933126403 0.00010574155657665856 8.692612344452126e-05 7.129997495046755e-05 5.847827704222911e-05
* 10 0.9613235828459955 6 5 0.0010199683249953908
5.847827704222812e-05 7.129997495046606e-05 8.692612344452069e-05 0.00010574155657665937 0.00012792914933126655 0.00015334299512353018 0.000181271359232991 0.0002083494932873153 0.0001812713592329955 0.00015334299512352977 0.00012792914933126614 0.00010574155657666037
6.99058497730739e-05 8.692612344452069e-05 0.00010835020413165143 0.00013503029566752666 0.000167703810007917 0.00020667308925817278 0.0002513355406255431 0.00029533067921236664 0.0002513355406255408 0.0002066730892581739 0.00016770381000791543 0.00013503029566752826
8.323181680597655e-05 0.00010574155657665937 0.00013503029566752666 0.0001729417652886332 0.00022142570654119496 0.00028207615655269114 0.00035522656677285623 0.00042902443664144356 0.00035522656677285504 0.00028207615655268946 0.00022142570654119998 0.00017294176528863397
9.845733857626659e-05 0.00012792914933126655 0.000167703810007917 0.00022142570654119496 0.00029358574182417497 0.00038903443733337136 0.0005115061231114616 0.0006395029425619277 0.0005115061231114592 0.0003815740936681843 0.0002609988435080535 0.00018127135923298973
0.00011531073425999321 0.00015334299512353018 0.00020667308925817278 0.00028207615655269114 0.00038903443733337136 0.000539915881990423 0.0007484851200756601 0.0008265365585356163 0.0005254230626423821 0.0003474634734636955 0.00023781695848703861 0.00016770381000791394
0.00013320053900282036 0.000181271359232991 0.0002513355406255431 0.00035522656677285623 0.0005115061231114616 0.0007484851200756601 0.0010199683249953904 0.0006605108543180424 0.0004385397812069674 0.0002996065976777786 0.00021021979613592743 0.00015112986517377042
0.00015112986517377072 0.00021021979613592822 0.00029960659767777853 0.0004385397812069641 0.0006605108543180346 0.0010199683249953908 0.0007484851200756581 0.0005115061231114552 0.00035522656677285363 0.00025133554062554525 0.00018127135923298973 0.00013320053900281993
0.000167703810007917 0.00023781695848704463 0.0003474634734636996 0.000525423062642379 0.0008265365585356128 0.0007484851200756581 0.0005399158819904249 0.000389034437333376 0.0002820761565526882 0.000206673089258174 0.0001533429951235285 0.00011531073425999595
0.000181271359232991 0.0002609988435080546 0.00038903443733337136 0.0006043257378360402 0.0006605108543180424 0.0005115061231114552 0.000389034437333376 0.0002935857418241732 0.00022142570654119846 0.00016770381000791394 0.00012792914933126495 9.845733857626702e-05
0.00019021790078954973 0.00027642057378873537 0.00038903443733337455 0.000521892669905058 0.0004385397812069674 0.00035522656677285363 0.0002820761565526882 0.00022142570654119846 0.00017294176528863292 0.0001350302956675281 0.00010574155657666054 8.323181680597373e-05
0.0001677038100079164 0.00022142570654119906 0.00029358574182417865 0.0003474634734636955 0.0002996065976777786 0.00025133554062554525 0.000206673089258174 0.00016770381000791394 0.0001350302956675281 0.00010835020413164935 8.692612344452159e-05 6.990584977307522e-05
0.00013503029566753019 0.00017294176528863568 0.00022142570654119906 0.00023781695848703861 0.00021021979613592743 0.00018127135923298973 0.0001533429951235285 0.00012792914933126495 0.00010574155657666054 8.692612344452159e-05 7.129997495046718e-05 5.847827704222909e-05
* 11 0.9613235828459967 6 5 0.0010199683249953904
5.847827704222812e-05 6.99058497730739e-05 8.323181680597655e-05 9.845733857626659e-05 0.00011531073425999321 0.00013320053900282036 0.00015112986517377072 0.00015334299512353156 0.00012792914933126755 0.00010574155657665955 8.692612344452335e-05 7.12999749504674e-05
7.129997495046606e-05 8.692612344452069e-05 0.00010574155657665937 0.00012792914933126655 0.00015334299512353018 0.000181271359232991 0.00021021979613592822 0.0002066730892581677 0.00016770381000791708 0.00013503029566752674 0.00010835020413164945 8.692612344452335e-05
8.692612344452069e-05 0.00010835020413165143 0.00013503029566752666 0.000167703810007917 0.00020667308925817278 0.0002513355406255431 0.00029960659767777853 0.0002820761565526906 0.00022142570654119898 0.00017294176528863373 0.00013503029566752674 0.00010574155657665955
0.00010574155657665937 0.00013503029566752666 0.0001729417652886332 0.00022142570654119496 0.00028207615655269114 0.00035522656677285623 0.0004385397812069641 0.000389034437333374 0.00029358574182417394 0.00022142570654119898 0.00016770381000791708 0.00012792914933126755
0.00012792914933126655 0.000167703810007917 0.00022142570654119496 0.00029358574182417497 0.00038903443733337136 0.0005115061231114616 0.0006605108543180346 0.0005399158819904272 0.000389034437333374 0.0002820761565526906 0.0002066730892581677 0.00015334299512353156
0.00015334299512353018 0.00020667308925817278 0.00028207615655269114 0.00038903443733337136 0.000539915881990423 0.0007484851200756601 0.0010193531658676943 0.0007219737216956811 0.0004986108846265457 0.00034905331514462426 0.0002484641712920743 0.00017998905273489978
0.000181271359232991 0.0002513355406255431 0.00035522656677285623 0.0005115061231114616 0.0007484851200756601 0.0010199683249953904 0.0007484851200756581 0.0005399158819904249 0.000389034437333376 0.0002820761565526882 0.000206673089258174 0.0001533429951235285
0.00018127135923299314 0.000251335540625541 0.0003552265667728495 0.0005115061231114563 0.0007484851200756659 0.0006605108543180424 0.0005115061231114552 0.000389034437333376 0.0002935857418241732 0.00022142570654119846 0.00016770381000791394 0.00012792914933126495
0.000153342995123529 0.00020667308925817436 0.00028207615655268567 0.00038903443733337455 0.000521892669905058 0.0004385397812069674 0.00035522656677285363 0.0002820761565526882 0.00022142570654119846 0.00017294176528863292 0.0001350302956675281 0.00010574155657666054
0.00012792914933126403 0.0001677038100079164 0.00022142570654119906 0.00029358574182417865 0.0003474634734636955 0.0002996065976777786 0.00025133554062554525 0.000206673089258174 0.00016770381000791394 0.0001350302956675281 0.00010835020413164935 8.692612344452159e-05
0.00010574155657665856 0.00013503029566753019 0.00017294176528863568 0.00022142570654119906 0.00023781695848703861 0.00021021979613592743 0.00018127135923298973 0.0001533429951235285 0.00012792914933126495 0.00010574155657666054 8.692612344452159e-05 7.129997495046718e-05
8.692612344452126e-05 0.00010835020413164837 0.00013503029566753019 0.0001677038100079164 0.00016770381000791394 0.00015112986517377042 0.00013320053900281993 0.00011531073425999595 9.845733857626702e-05 8.323181680597373e-05 6.990584977307522e-05 5.847827704222909e-05
* 12 0.9483095650180997 5 3 0.0021477295020967398
0.00017294176528863373 0.00022142570654119898 0.0002820761565526906 0.0003469186004826225 0.00029960659767777853 0.0002513355406255431 0.00020667308925817278 0.000167703810007917 0.00013503029566752666 0.00010835020413165143 8.692612344452069e-05 6.99058497730739e-05
0.00022142570654119898 0.00029358574182417394 0.000389034437333374 0.0005082783350756416 0.0004385397812069641 0.00035522656677285623 0.00028207615655269114 0.00022142570654119496 0.0001729417652886332 0.00013503029566752666 0.00010574155657665937 8.323181680597655e-05
