* 0 0.9376249187972593 4 4 0.004218517483015094
0.00029260513237504455 0.0003877407491179064 0.0005098089042283185 0.0006583206661189709 0.0007864130940313829 0.0006583206661189761 0.0005098089042283225 0.0003877407491179054
0.0003877407491179064 0.0005381248230025234 0.0007460030836977725 0.001020871126407988 0.001265830805950636 0.0010208711264079692 0.0007460030836977764 0.0005381248230025209
0.0005098089042283185 0.0007460030836977725 0.0011025096403528228 0.0016256506373983233 0.002115138013955757 0.0016256506373983216 0.0011025096403528114 0.0007460030836977764
0.0006583206661189709 0.001020871126407988 0.0016256506373983233 0.002633358499301988 0.0036372810494229376 0.0026333584993019883 0.0016256506373983216 0.0010208711264079692
0.0006583206661189742 0.0010208711264079785 0.0016256506373983277 0.002633358499301989 0.004218517483015094 0.0036372810494229367 0.0022887777182420193 0.0013552147857417002
0.000509808904228311 0.0007460030836977692 0.0011025096403528211 0.0016256506373983277 0.0023409799722980875 0.0023409799722981053 0.0016256506373983348 0.0011025096403528202
0.0003877407491179013 0.0005381248230025305 0.0007460030836977692 0.0010208711264079785 0.0013552147857416891 0.0013552147857416987 0.0010208711264079837 0.0007460030836977718
0.0002926051323750462 0.0003877407491179013 0.000509808904228311 0.0006583206661189742 0.0008237951871953105 0.0008237951871953174 0.0006583206661189766 0.0005098089042283188
* 1 0.9113675650940659 3 4 0.007166265554974171
0.0003877407491179064 0.0005381248230025234 0.0007460030836977725 0.001020871126407988 0.001355214785741706 0.0015036233114061534 0.0010128798496239525 0.0006583206661189735
0.0005098089042283185 0.0007460030836977725 0.0011025096403528228 0.0016256506373983233 0.002340979972298091 0.0022887777182420215 0.0013552147857416972 0.0008237951871953061
0.0006583206661189709 0.001020871126407988 0.0016256506373983233 0.002633358499301988 0.0042185174830151 0.0031357493317444485 0.0016954472288860016 0.0009834112164273973
0.0008237951871953093 0.001355214785741706 0.002340979972298091 0.0042424770062373515 0.007166265554974171 0.0036863149623561748 0.0019072691219098952 0.0010751916823234784
0.0009834112164273934 0.001705920585329596 0.003161341548237047 0.005289543656130011 0.006859556709839997 0.0036863149623561765 0.0019072691219098965 0.0010751916823234777
0.0010399826250819825 0.0016256506373983277 0.0023409799722980875 0.0031613415482370463 0.0033994136724385753 0.00280897194575104 0.0016954472288860014 0.0009834112164273925
0.0007460030836977692 0.0010208711264079785 0.0013552147857416891 0.0017059205853295941 0.0018146272275359663 0.0017059205853295891 0.001265830805950636 0.0008237951871953123
0.000509808904228311 0.0006583206661189742 0.0008237951871953105 0.0009834112164273901 0.0010399826250819834 0.000983411216427394 0.0008237951871953174 0.0006334123969934592
* 2 0.9113675650940657 4 3 0.007166265554974174
0.0005098089042283225 0.0007460030836977764 0.0009834112164273916 0.0008237951871953106 0.0006583206661189742 0.0005098089042283152 0.00038774074911790104 0.0002926051323750532
0.0006583206661189761 0.0010208711264079692 0.0015701736634866736 0.0013552147857416996 0.0010208711264079837 0.0007460030836977662 0.0005381248230025221 0.00038774074911790104
0.0008237951871953091 0.0013552147857417002 0.002340979972298093 0.002340979972298083 0.0016256506373983123 0.0011025096403528179 0.0007460030836977662 0.0005098089042283152
0.000983411216427393 0.0017059205853295946 0.0031864277772079334 0.004218517483015093 0.0026333584993019792 0.0016256506373983123 0.0010208711264079837 0.0006583206661189742
0.0011025096403528114 0.001985922187872289 0.003933983973295595 0.007166265554974174 0.004242477006237357 0.002340979972298083 0.0013552147857416996 0.0008237951871953106
0.0011470513126501142 0.002052540384174224 0.0036372810494229423 0.007166265554974162 0.005289543656130011 0.003161341548237046 0.0017059205853295959 0.0009834112164273916
0.0010128798496239519 0.0016256506373983294 0.002633358499301997 0.0035781096651289583 0.003135749331744449 0.0023409799722981053 0.0016256506373983348 0.0010399826250819823
0.0007460030836977748 0.0011025096403528094 0.0016256506373983294 0.0019072691219098972 0.0016954472288860018 0.0013552147857416987 0.0010208711264079837 0.0007460030836977718
* 3 0.9165535667257174 3 4 0.006191799632643969
0.00038774074911790104 0.0005381248230025221 0.0007460030836977662 0.0010128798496239532 0.0009834112164273934 0.0008237951871953093 0.0006583206661189709 0.0005098089042283185
0.0005098089042283152 0.0007460030836977662 0.0011025096403528179 0.0016256506373983123 0.001705920585329596 0.001355214785741706 0.001020871126407988 0.0007460030836977725
0.0006583206661189742 0.0010208711264079837 0.0016256506373983123 0.0026333584993019792 0.0031613415482370476 0.002340979972298091 0.0016256506373983233 0.0010399826250819821
0.0008237951871953106 0.0013552147857416996 0.002340979972298083 0.004218517483015093 0.006191799632643969 0.003637281049422938 0.002094389893574279 0.001147051312650098
0.0008237951871953105 0.0013552147857416891 0.002288777718242022 0.003637281049422939 0.006191799632643968 0.003933983973295587 0.0019859221878722848 0.0011025096403528129
0.0006583206661189742 0.001012879849623952 0.0015036233114061493 0.002288777718242018 0.003161341548237044 0.0031357493317444463 0.001705920585329595 0.0009834112164273925
0.000509808904228311 0.0007147269693950066 0.0010128798496239534 0.0013552147857416987 0.0017059205853295891 0.0019690427717736028 0.0013552147857417054 0.0008237951871953123
0.00037869063558936087 0.0005098089042283188 0.0006583206661189766 0.0008237951871953174 0.000983411216427394 0.0011025096403528202 0.0010208711264079802 0.0006583206661189765
* 4 0.9215034051288393 3 3 0.006268941184707565
0.000746003083697771 0.0011025096403528157 0.001570173663486674 0.0013552147857417002 0.0010208711264079692 0.0007460030836977764 0.0005381248230025209 0.0003877407491179054
0.0010128798496239525 0.0016256506373983235 0.002599637117008541 0.002340979972298093 0.0016256506373983216 0.0011025096403528114 0.0007460030836977764 0.0005098089042283225
0.0011470513126501042 0.0020525403841742226 0.003637281049422945 0.004218517483015094 0.0026333584993019883 0.0016256506373983216 0.0010208711264079692 0.0006583206661189761
0.0011025096403528094 0.0019690427717736023 0.0036863149623561774 0.006268941184707565 0.0042424770062373576 0.002340979972298093 0.0013552147857417002 0.0008237951871953091
0.0009614811995948378 0.0015701736634866732 0.0025996371170085393 0.0041965831514187285 0.004196583151418767 0.0025996371170085414 0.0015701736634866738 0.0009614811995948373
0.0007460030836977692 0.0011025096403528211 0.0016256506373983277 0.0023409799722980875 0.0023409799722981053 0.0016256506373983348 0.0011025096403528202 0.0007460030836977718
0.0005381248230025305 0.0007460030836977692 0.0010208711264079785 0.0013552147857416891 0.0013552147857416987 0.0010208711264079837 0.0007460030836977718 0.0005381248230025244
0.0003877407491179013 0.000509808904228311 0.0006583206661189742 0.0008237951871953105 0.0008237951871953174 0.0006583206661189766 0.0005098089042283188 0.00038774074911790104
* 5 0.9143724660766572 3 3 0.008251871201904605
0.0007460030836977725 0.001020871126407988 0.001355214785741706 0.001705920585329596 0.0018146272275359693 0.0015701736634866736 0.0011025096403528114 0.0007460030836977764
0.0010399826250819815 0.0016256506373983233 0.002340979972298091 0.0031613415482370476 0.0033994136724385757 0.0025996371170085393 0.0016256506373983216 0.0010208711264079692
0.0011470513126500999 0.002094389893574277 0.0036372810494229376 0.006178649218568166 0.006739781848421602 0.004196583151418717 0.002340979972298093 0.0013552147857417002
0.0011025096403528122 0.001985922187872281 0.003933983973295582 0.008251871201904605 0.00783265528230938 0.004218517483015096 0.0023409799722981053 0.0013552147857416987
0.0009834112164273988 0.0017059205853295824 0.0031613415482370467 0.005289543656130009 0.004242477006237364 0.0026333584993019953 0.0016256506373983348 0.0010208711264079837
0.0008237951871953034 0.0013552147857416907 0.0021151380139557557 0.0028089719457510395 0.0023409799722981053 0.0016256506373983348 0.0011025096403528202 0.0007460030836977718
0.0006583206661189697 0.0009662167827501275 0.0013552147857416891 0.0015734714269757784 0.0013552147857416987 0.0010208711264079837 0.0007460030836977718 0.0005381248230025244
0.0004943574273170049 0.0006583206661189742 0.0008237951871953105 0.0009322317175190248 0.0008237951871953174 0.0006583206661189766 0.0005098089042283188 0.00038774074911790104
* 6 0.9126886706797472 4 5 0.006739781848421599
0.00029260513237504455 0.0003877407491179064 0.0005098089042283185 0.0006583206661189709 0.0008237951871953093 0.0008237951871953091 0.0006583206661189761 0.0005098089042283225
0.0003877407491179064 0.0005381248230025234 0.0007460030836977725 0.001020871126407988 0.001355214785741706 0.0013552147857417002 0.0010208711264079692 0.0007460030836977764
0.0005098089042283185 0.0007460030836977725 0.0011025096403528228 0.0016256506373983233 0.002340979972298091 0.002340979972298093 0.0016256506373983216 0.0011025096403528114
0.0006583206661189709 0.001020871126407988 0.0016256506373983233 0.002633358499301988 0.004196583151418714 0.00419658315141871 0.002599637117008539 0.001570173663486674
0.0008237951871953093 0.001355214785741706 0.002288777718242021 0.003637281049422938 0.006191799632643965 0.006739781848421599 0.0033994136724385757 0.0018146272275359674
0.0007460030836977718 0.0011025096403528202 0.0016256506373983348 0.0023409799722981053 0.003186427777207945 0.0039339839732955755 0.0031377565004802755 0.0017059205853295941
0.0005381248230025244 0.0007460030836977718 0.0010208711264079837 0.0013552147857416987 0.0017059205853295891 0.0019859221878722735 0.0020525403841742235 0.0013552147857416891
0.00038774074911790104 0.0005098089042283188 0.0006583206661189766 0.0008237951871953174 0.000983411216427394 0.0011025096403528202 0.0011470513126501122 0.001012879849623952
* 7 0.9174796126825827 4 3 0.005867656486296952
0.0003877407491179064 0.0005381248230025234 0.0007460030836977725 0.001020871126407988 0.0010208711264079837 0.0007460030836977662 0.0005381248230025221 0.00038774074911790104
0.0005098089042283185 0.0007460030836977725 0.0011025096403528228 0.0016256506373983233 0.0016256506373983123 0.0011025096403528179 0.0007460030836977662 0.0005098089042283152
0.0006583206661189709 0.001020871126407988 0.0016256506373983233 0.002633358499301988 0.0026333584993019792 0.0016256506373983123 0.0010208711264079837 0.0006583206661189742
0.0008237951871953093 0.001355214785741706 0.002340979972298091 0.0042424770062373515 0.004218517483015092 0.002340979972298083 0.0013552147857416996 0.0008237951871953106
0.0009834112164273934 0.001705920585329596 0.003161341548237047 0.005867656486296952 0.004218517483015096 0.0023409799722981053 0.0013552147857416987 0.0008237951871953174
0.0010128798496239525 0.0016256506373983277 0.002633358499301989 0.003637281049422939 0.0026333584993019953 0.0016256506373983348 0.0010208711264079837 0.0006583206661189766
0.0007460030836977692 0.0011025096403528211 0.0016256506373983277 0.002115138013955757 0.0016256506373983348 0.0011025096403528202 0.0007460030836977718 0.0005098089042283188
0.0005381248230025305 0.0007460030836977692 0.0010208711264079785 0.001265830805950636 0.0010208711264079837 0.0007460030836977718 0.0005381248230025244 0.00038774074911790104
* 8 0.9092419842077899 2 4 0.007924640018571136
0.0007460030836977725 0.001020871126407988 0.001355214785741706 0.001705920585329596 0.001985922187872286 0.0020947260608987265 0.0016954472288860014 0.0009834112164273893
0.000983411216427393 0.0015701736634866743 0.002340979972298091 0.0031864277772079464 0.003933983973295583 0.0036863149623561756 0.0019859221878722895 0.00110250964035282
0.0010399826250819832 0.0018146272275359697 0.0033994136724385757 0.0060355209291947575 0.007924640018571136 0.004218517483015093 0.0020947260608987256 0.0011470513126501116
0.000983411216427383 0.001705920585329598 0.003137756500480278 0.006191799632643972 0.007166265554974172 0.0036863149623561765 0.0019690427717736045 0.00110250964035282
0.0008237951871953104 0.0013552147857416913 0.002288777718242019 0.0036372810494229384 0.004196583151418767 0.0025996371170085414 0.0015701736634866736 0.0009614811995948365
0.0006583206661189698 0.001012879849623952 0.0015036233114061493 0.002288777718242018 0.0023409799722981053 0.0016256506373983348 0.0011025096403528202 0.0007460030836977718
0.0005098089042283153 0.0007147269693950069 0.0010128798496239525 0.0013552147857417054 0.0013552147857416987 0.0010208711264079837 0.0007460030836977718 0.0005381248230025244
0.00037869063558936087 0.0005098089042283217 0.0006583206661189765 0.0008237951871953123 0.0008237951871953174 0.0006583206661189766 0.0005098089042283188 0.00038774074911790104
* 9 0.9201081267736143 3 3 0.006859556709839997
0.0006583206661189709 0.0008237951871953093 0.0009834112164273934 0.0011025096403528228 0.0011470513126501096 0.0010128798496239517 0.0007460030836977764 0.0005381248230025209
0.0010108836054761319 0.001355214785741706 0.001705920585329596 0.001985922187872286 0.002052540384174223 0.0016256506373983216 0.0011025096403528114 0.0007460030836977764
0.0011470513126500999 0.002052540384174222 0.0031377565004802725 0.003933983973295583 0.0036372810494229376 0.0026333584993019883 0.0016256506373983216 0.0010208711264079692
0.0011025096403528122 0.001985922187872281 0.003933983973295582 0.006859556709839997 0.006268941184707565 0.0036372810494229367 0.0021151380139557527 0.001265830805950636
0.0009834112164273988 0.0017059205853295824 0.0031864277772079355 0.005289543656130009 0.004218517483015096 0.0026333584993019953 0.0016256506373983348 0.0010208711264079837
0.0008237951871953034 0.0013552147857416907 0.0023409799722980927 0.003082583849069009 0.0023409799722981053 0.0016256506373983348 0.0011025096403528202 0.0007460030836977718
0.0006583206661189697 0.0010208711264079833 0.001570173663486674 0.001691112667515654 0.0013552147857416987 0.0010208711264079837 0.0007460030836977718 0.0005381248230025244
0.0005098089042283195 0.0007460030836977713 0.0009834112164273925 0.000983411216427394 0.0008237951871953174 0.0006583206661189766 0.0005098089042283188 0.00038774074911790104
* 10 0.9376249187972592 3 3 0.004218517483015099
0.0003877407491179064 0.0005098089042283185 0.0006583206661189709 0.0008237951871953093 0.0009834112164273934 0.0011025096403528228 0.0011470513126501096 0.00107519168232348
0.0005381248230025234 0.0007460030836977725 0.001020871126407988 0.001355214785741706 0.001705920585329596 0.001985922187872286 0.0019072691219098967 0.0011025096403528202
0.0007460030836977725 0.0011025096403528228 0.0016256506373983233 0.002340979972298091 0.0031864277772079464 0.003135749331744449 0.0017059205853295891 0.000983411216427394
0.0009614811995948365 0.0015701736634866738 0.0025996371170085384 0.004218517483015099 0.004218517483015096 0.0023409799722981053 0.0013552147857416987 0.0008237951871953174
0.0008237951871953123 0.0013552147857417054 0.0023409799722981005 0.0036372810494229445 0.0026333584993019953 0.0016256506373983348 0.0010208711264079837 0.0006583206661189766
0.0006583206661189765 0.0010208711264079802 0.0016256506373983257 0.002288777718242018 0.0016256506373983348 0.0011025096403528202 0.0007460030836977718 0.0005098089042283188
0.0005098089042283217 0.0007460030836977771 0.0011025096403528129 0.0013552147857416987 0.0010208711264079837 0.0007460030836977718 0.0005381248230025244 0.00038774074911790104
0.0003877407491179014 0.000538124823002524 0.0007460030836977771 0.0008237951871953174 0.0006583206661189766 0.0005098089042283188 0.00038774074911790104 0.000292605132375048
* 11 0.912688670679747 3 4 0.006739781848421606
0.0006583206661189709 0.0008237951871953093 0.0009834112164273934 0.0011025096403528228 0.0011470513126501096 0.0011025096403528228 0.000961481199594836 0.0006583206661189697
0.0010128798496239527 0.001355214785741706 0.001705920585329596 0.001985922187872286 0.0020947260608987265 0.0019690427717736015 0.0013552147857416907 0.0008237951871953034
0.000983411216427394 0.0016954472288860018 0.0028089719457510395 0.003933983973295583 0.0042185174830151 0.0031357493317444468 0.0017059205853295824 0.0009834112164273988
0.0008237951871953174 0.0013552147857416987 0.0023409799722981053 0.004218517483015096 0.006739781848421606 0.0033994136724385757 0.0018146272275359697 0.0010399826250819843
0.0006583206661189766 0.0010208711264079837 0.0016256506373983348 0.0026333584993019953 0.004218517483015096 0.0031613415482370445 0.001705920585329598 0.000983411216427383
0.0005098089042283188 0.0007460030836977718 0.0011025096403528202 0.0016256506373983348 0.0023409799722981053 0.0023409799722980897 0.0013552147857416913 0.0008237951871953104
0.00038774074911790104 0.0005381248230025244 0.0007460030836977718 0.0010208711264079837 0.0013552147857416987 0.0015701736634866745 0.001020871126407973 0.0006583206661189698
0.000292605132375048 0.00038774074911790104 0.0005098089042283188 0.0006583206661189766 0.0008237951871953174 0.000983411216427394 0.0007460030836977748 0.0005098089042283153
* 12 0.9204176004451492 4 3 0.007624739468163654
0.0005381248230025234 0.0007460030836977725 0.001020871126407988 0.001355214785741706 0.0015701736634866736 0.00110250964035282 0.0007460030836977742 0.0005098089042283177
0.0007460030836977725 0.0011025096403528228 0.0016256506373983233 0.002340979972298091 0.00259963711700854 0.0016256506373983157 0.001020871126407985 0.0006583206661189826
0.001020871126407988 0.0016256506373983233 0.002633358499301988 0.0042424770062373515 0.004218517483015093 0.002340979972298079 0.0013552147857417058 0.000823795187195314
0.001355214785741706 0.002340979972298091 0.004196583151418715 0.007624739468163547 0.006381158743131045 0.0031613415482370432 0.0017059205853296039 0.0009834112164273893
0.0013552147857416891 0.0023409799722980875 0.004196583151418728 0.007624739468163654 0.006859556709839997 0.0033994136724385757 0.0018146272275359695 0.0010399826250819823
0.0010208711264079785 0.0016256506373983277 0.002633358499301989 0.004242477006237359 0.005289543656130012 0.0031613415482370445 0.001705920585329598 0.000983411216427383
0.0007460030836977692 0.0011025096403528211 0.0016256506373983277 0.0023409799722980875 0.003135749331744447 0.0023409799722980897 0.0013552147857416913 0.0008237951871953104
0.0005381248230025305 0.0007460030836977692 0.0010208711264079785 0.0013552147857416891 0.0016954472288860027 0.0015701736634866745 0.001020871126407973 0.0006583206661189698
* 13 0.907843809302477 2 3 0.00891455717296916
0.0009834112164273893 0.0017059205853296039 0.003082583849069013 0.003135749331744447 0.0022887777182420198 0.0015036233114061508 0.0010128798496239523 0.0006583206661189697
0.00110250964035282 0.0019859221878722895 0.003933983973295572 0.006191799632643969 0.0036372810494229376 0.0022887777182420193 0.0013552147857416907 0.0008237951871953034
0.0011470513126501116 0.0020947260608987256 0.004242477006237378 0.00891455717296916 0.0061917996326439646 0.0031613415482370467 0.0017059205853295824 0.0009834112164273988
0.00110250964035282 0.0019859221878722895 0.003933983973295572 0.00863577568248305 0.008635775682483037 0.003933983973295582 0.001985922187872281 0.0011025096403528122
0.0009834112164273893 0.0017059205853296039 0.0031613415482370437 0.005289543656130012 0.007924640018571138 0.00424247700623735 0.002094726060898725 0.0011470513126500999
0.000823795187195314 0.0013552147857417058 0.0021151380139557583 0.003161341548237044 0.0039339839732955755 0.003686314962356175 0.001985922187872281 0.0011025096403528122
0.0006583206661189826 0.0009662167827501274 0.0013552147857416987 0.0017059205853295891 0.0019859221878722735 0.002094726060898726 0.0016954472288860016 0.0009834112164273988
0.0004943574273170049 0.0006583206661189766 0.0008237951871953174 0.000983411216427394 0.0011025096403528202 0.0011470513126501122 0.0011025096403528202 0.0008237951871953034
* 14 0.9303461053083524 3 4 0.003637281049422938
0.00029260513237504455 0.0003877407491179064 0.0005098089042283185 0.0006583206661189709 0.0008237951871953093 0.0009834112164273934 0.0010399826250819823 0.0007460030836977662
0.0003877407491179064 0.0005381248230025234 0.0007460030836977725 0.001020871126407988 0.001355214785741706 0.001705920585329596 0.0016256506373983123 0.0010128798496239523
0.0005098089042283185 0.0007460030836977725 0.0011025096403528228 0.0016256506373983233 0.002340979972298091 0.0028089719457510395 0.0017059205853295891 0.000983411216427394
0.0006583206661189709 0.001020871126407988 0.0016256506373983233 0.002633358499301988 0.003637281049422938 0.0023409799722981053 0.0013552147857416987 0.0008237951871953174
0.0008237951871953093 0.001355214785741706 0.002340979972298091 0.003637281049422938 0.0026333584993019953 0.0016256506373983348 0.0010208711264079837 0.0006583206661189766
0.0009834112164273934 0.001705920585329596 0.0028089719457510395 0.0023409799722981053 0.0016256506373983348 0.0011025096403528202 0.0007460030836977718 0.0005098089042283188
0.0010399826250819821 0.0016256506373983257 0.0017059205853295891 0.0013552147857416987 0.0010208711264079837 0.0007460030836977718 0.0005381248230025244 0.00038774074911790104
0.0007460030836977771 0.0010108836054761343 0.000983411216427394 0.0008237951871953174 0.0006583206661189766 0.0005098089042283188 0.00038774074911790104 0.000292605132375048
* 15 0.9376249187972605 4 4 0.004218517483015095
0.00029260513237504455 0.0003877407491179064 0.0005098089042283185 0.0006583206661189709 0.0008237951871953093 0.0009834112164273934 0.0007460030836977764 0.0005098089042283225
0.0003877407491179064 0.0005381248230025234 0.0007460030836977725 0.001020871126407988 0.001355214785741706 0.001570173663486673 0.0010208711264079692 0.0006583206661189761
0.0005098089042283185 0.0007460030836977725 0.0011025096403528228 0.0016256506373983233 0.002340979972298091 0.002340979972298093 0.0013552147857417002 0.0008237951871953091
0.0006583206661189709 0.001020871126407988 0.0016256506373983233 0.002633358499301988 0.004196583151418714 0.0028089719457510395 0.0015734714269757812 0.0009322317175190255
0.0007864130940313827 0.001265830805950636 0.0021151380139557575 0.0036372810494229454 0.004218517483015095 0.0023409799722981005 0.0013552147857417054 0.0008237951871953123
0.0006583206661189826 0.001020871126407985 0.0016256506373983157 0.0026333584993019853 0.002599637117008538 0.0016256506373983257 0.0010208711264079802 0.0006583206661189765
0.0005098089042283177 0.0007460030836977742 0.00110250964035282 0.0016256506373983157 0.0015701736634866751 0.0011025096403528129 0.0007460030836977771 0.0005098089042283217
0.0003877407491179047 0.0005381248230025247 0.0007460030836977742 0.001010883605476137 0.0009614811995948359 0.0007460030836977771 0.000538124823002524 0.0003877407491179014
* 16 0.9174796126825822 4 4 0.005867656486296952
0.00029260513237504455 0.0003877407491179064 0.0005098089042283185 0.0006583206661189709 0.0008237951871953093 0.0009834112164273934 0.0010399826250819823 0.0009322317175190257
0.0003877407491179064 0.0005381248230025234 0.0007460030836977725 0.001020871126407988 0.001355214785741706 0.001705920585329596 0.0018146272275359693 0.0011025096403528129
0.0005098089042283185 0.0007460030836977725 0.0011025096403528228 0.0016256506373983233 0.002340979972298091 0.003137756500480273 0.002094726060898719 0.001147051312650098
0.0006583206661189709 0.001020871126407988 0.0016256506373983233 0.002633358499301988 0.0042424770062373515 0.003933983973295587 0.0019859221878722848 0.0011025096403528129
0.0007864130940313824 0.001265830805950636 0.0021151380139557566 0.0036372810494229423 0.005867656486296952 0.003186427777207931 0.001705920585329595 0.0009834112164273925
0.0006583206661189742 0.0010208711264079785 0.0016256506373983277 0.002633358499301989 0.003637281049422944 0.0023409799722981005 0.0013552147857417054 0.0008237951871953123
0.000509808904228311 0.0007460030836977692 0.0011025096403528211 0.0016256506373983277 0.0022887777182420224 0.0016256506373983257 0.0010208711264079802 0.0006583206661189765
0.0003877407491179013 0.0005381248230025305 0.0007460030836977692 0.0010208711264079785 0.0013552147857416891 0.0011025096403528129 0.0007460030836977771 0.0005098089042283217
* 17 0.9303461053083524 3 3 0.003637281049422938
0.001069837537565869 0.0011025096403528228 0.0009834112164273934 0.0008237951871953093 0.0006583206661189709 0.0005098089042283185 0.0003877407491179064 0.00029260513237504455
0.0010751916823234803 0.0018146272275359689 0.001705920585329596 0.001355214785741706 0.001020871126407988 0.0007460030836977725 0.0005381248230025234 0.0003877407491179064
0.000983411216427394 0.0016954472288860018 0.0028089719457510395 0.002340979972298091 0.0016256506373983233 0.0011025096403528228 0.0007460030836977725 0.0005098089042283185
0.0008237951871953174 0.0013552147857416987 0.0023409799722981053 0.003637281049422938 0.002633358499301988 0.0016256506373983233 0.001020871126407988 0.0006583206661189709
0.0006583206661189766 0.0010208711264079837 0.0016256506373983348 0.0026333584993019953 0.003637281049422938 0.002340979972298091 0.001355214785741706 0.0008237951871953093
0.0005098089042283188 0.0007460030836977718 0.0011025096403528202 0.0016256506373983348 0.0023409799722981053 0.0028089719457510395 0.001705920585329596 0.0009834112164273934
0.00038774074911790104 0.0005381248230025244 0.0007460030836977718 0.0010208711264079837 0.0013552147857416987 0.0017059205853295891 0.0015036233114061493 0.0010108836054761366
0.000292605132375048 0.00038774074911790104 0.0005098089042283188 0.0006583206661189766 0.0008237951871953174 0.000983411216427394 0.0010108836054761332 0.0007147269693950064
* 18 0.9165535667257174 3 3 0.006191799632643969
0.0005381248230025221 0.0007460030836977662 0.0010128798496239532 0.0009834112164273934 0.0008237951871953093 0.0006583206661189709 0.0005098089042283185 0.0003877407491179064
0.0007460030836977662 0.0011025096403528179 0.0016256506373983123 0.001705920585329596 0.001355214785741706 0.001020871126407988 0.0007460030836977725 0.0005381248230025234
0.0010208711264079837 0.0016256506373983123 0.0026333584993019792 0.0031613415482370476 0.002340979972298091 0.0016256506373983233 0.0011025096403528228 0.0007460030836977725
0.0013552147857416996 0.002340979972298083 0.004218517483015093 0.006191799632643969 0.0042185174830151 0.0025996371170085384 0.0015701736634866738 0.0009614811995948375
0.0015701736634866751 0.0025996371170085414 0.004218517483015096 0.006191799632643968 0.004242477006237359 0.0023409799722980875 0.0013552147857416891 0.0008237951871953105
0.0011025096403528202 0.0016256506373983348 0.0023409799722981053 0.003161341548237044 0.002633358499301989 0.0016256506373983277 0.0010208711264079785 0.0006583206661189742
0.0007460030836977718 0.0010208711264079837 0.0013552147857416987 0.0017059205853295891 0.0016256506373983277 0.0011025096403528211 0.0007460030836977692 0.000509808904228311
0.0005098089042283188 0.0006583206661189766 0.0008237951871953174 0.000983411216427394 0.001012879849623952 0.0007460030836977692 0.0005381248230025305 0.0003877407491179013
* 19 0.9201081267736143 5 3 0.006859556709839997
0.00038774074911790104 0.0005381248230025221 0.0007460030836977662 0.0008237951871953093 0.0006583206661189709 0.0005098089042283185 0.0003877407491179064 0.00029260513237504455
0.0005098089042283152 0.0007460030836977662 0.0011025096403528179 0.001355214785741706 0.001020871126407988 0.0007460030836977725 0.0005381248230025234 0.0003877407491179064
0.0006583206661189742 0.0010208711264079837 0.0016256506373983123 0.002288777718242021 0.0016256506373983233 0.0011025096403528228 0.0007460030836977725 0.0005098089042283185
0.0008237951871953106 0.0013552147857416996 0.002340979972298083 0.003637281049422945 0.002633358499301988 0.0016256506373983233 0.001020871126407988 0.0006583206661189709
0.0009834112164273916 0.0016954472288860025 0.003135749331744448 0.006191799632643969 0.0042424770062373515 0.002340979972298091 0.001355214785741706 0.0008237951871953093
0.001039982625081982 0.0018146272275359693 0.0033994136724385757 0.006859556709839997 0.005289543656130011 0.0028089719457510404 0.0015734714269757804 0.0009322317175190269
0.0009834112164273893 0.0016954472288860014 0.003135749331744448 0.006191799632643973 0.004218517483015094 0.0023409799722980875 0.0013552147857416891 0.0008237951871953105
0.000823795187195314 0.0013552147857417058 0.002340979972298079 0.0035781096651289583 0.0025996371170085393 0.0016256506373983277 0.0010208711264079785 0.0006583206661189742
* 20 0.9215034051288392 4 4 0.006268941184707572
0.00029260513237504455 0.0003877407491179064 0.0005098089042283185 0.0006583206661189709 0.0007864130940313829 0.0006583206661189742 0.0005098089042283152 0.00038774074911790104
0.0003877407491179064 0.0005381248230025234 0.0007460030836977725 0.001020871126407988 0.001265830805950636 0.0010208711264079837 0.0007460030836977662 0.0005381248230025221
0.0005098089042283185 0.0007460030836977725 0.0011025096403528228 0.0016256506373983233 0.0021151380139557583 0.0016256506373983123 0.0011025096403528179 0.0007460030836977662
0.0006583206661189709 0.001020871126407988 0.0016256506373983233 0.002633358499301988 0.003637281049422945 0.0026333584993019792 0.0016256506373983123 0.0010208711264079837
0.0008237951871953093 0.001355214785741706 0.002340979972298091 0.0042424770062373515 0.006268941184707572 0.003686314962356179 0.0019690427717736045 0.0011025096403528122
0.000961481199594836 0.001570173663486675 0.0025996371170085367 0.0036372810494229445 0.0039339839732955755 0.0028089719457510395 0.0017059205853295824 0.0009834112164273988
0.0007460030836977771 0.0011025096403528129 0.0016256506373983257 0.002052540384174223 0.0019859221878722735 0.0017059205853295891 0.001265830805950636 0.0008237951871953034
0.000538124823002524 0.0007460030836977771 0.001012879849623953 0.0011470513126501122 0.0011025096403528202 0.000983411216427394 0.0008237951871953174 0.0006334123969934584
* 21 0.9165535667257175 3 4 0.006191799632643969
0.0004943574273170061 0.0006583206661189709 0.0008237951871953093 0.0009834112164273934 0.000983411216427393 0.0008237951871953091 0.0006583206661189761 0.0005098089042283225
0.0006583206661189735 0.0009662167827501276 0.001355214785741706 0.0016954472288860025 0.0016911126675156446 0.0013552147857417002 0.0010208711264079692 0.0007460030836977764
0.0008237951871953061 0.0013552147857416972 0.0021151380139557575 0.003135749331744448 0.0030825838490690176 0.002340979972298093 0.0016256506373983216 0.0011025096403528114
0.0008237951871953174 0.0013552147857416987 0.0023409799722981053 0.004196583151418767 0.006191799632643969 0.00419658315141871 0.002599637117008539 0.0015701736634866734
0.0006583206661189766 0.0010208711264079837 0.0016256506373983348 0.0026333584993019953 0.004242477006237364 0.005289543656130012 0.0031357493317444468 0.0016954472288860014
0.0005098089042283188 0.0007460030836977718 0.0011025096403528202 0.0016256506373983348 0.0023409799722981053 0.003161341548237044 0.0023409799722981005 0.0013552147857417054
0.00038774074911790104 0.0005381248230025244 0.0007460030836977718 0.0010208711264079837 0.0013552147857416987 0.0017059205853295891 0.0016256506373983257 0.0010208711264079802
0.000292605132375048 0.00038774074911790104 0.0005098089042283188 0.0006583206661189766 0.0008237951871953174 0.000983411216427394 0.0010399826250819817 0.0007460030836977771
* 22 0.9153205847549482 2 4 0.009818166560440805
0.0008237951871953106 0.0013552147857416996 0.0022887777182420185 0.003637281049422945 0.005289543656130011 0.0031864277772079403 0.001705920585329598 0.000983411216427383
0.0009834112164273916 0.0016954472288860025 0.003135749331744448 0.006191799632643969 0.008251871201904555 0.0039339839732955946 0.0019859221878722843 0.0011025096403528094
0.0010751916823234788 0.001907269121909897 0.0036863149623561783 0.007924640018571136 0.009818166560440805 0.00424247700623735 0.0020947260608987278 0.0011470513126501042
0.0010751916823234793 0.0019072691219098952 0.0036863149623561756 0.007924640018571138 0.008768601786154278 0.0039339839732955946 0.0019859221878722843 0.0011025096403528094
0.0009834112164273973 0.001695447228886001 0.0031357493317444485 0.005289543656130009 0.006035520929194762 0.0031864277772079403 0.001705920585329598 0.000983411216427383
0.0008237951871953061 0.0013552147857416972 0.002115138013955756 0.0031377565004802755 0.0033994136724385753 0.0023409799722980897 0.0013552147857416913 0.0008237951871953104
0.0006583206661189735 0.0009662167827501269 0.0013552147857416891 0.0017059205853295941 0.0018146272275359663 0.0015701736634866745 0.001020871126407973 0.0006583206661189698
0.0004943574273170049 0.0006583206661189742 0.0008237951871953105 0.0009834112164273901 0.0010399826250819834 0.000983411216427394 0.0007460030836977748 0.0005098089042283153
* 23 0.9215034051288393 4 4 0.006268941184707565
0.00029260513237504455 0.0003877407491179064 0.0005098089042283185 0.0006583206661189709 0.0008237951871953093 0.0009834112164273934 0.0007460030836977764 0.0005098089042283225
0.0003877407491179064 0.0005381248230025234 0.0007460030836977725 0.001020871126407988 0.001355214785741706 0.001570173663486673 0.0010208711264079692 0.0006583206661189761
0.0005098089042283185 0.0007460030836977725 0.0011025096403528228 0.0016256506373983233 0.002340979972298091 0.002340979972298093 0.0013552147857417002 0.0008237951871953091
0.0006583206661189709 0.001020871126407988 0.0016256506373983233 0.002633358499301988 0.004218517483015099 0.0031864277772079334 0.0017059205853295946 0.000983411216427393
0.0007864130940313824 0.001265830805950636 0.0021151380139557566 0.0036372810494229423 0.006268941184707565 0.003686314962356178 0.001969042771773604 0.0011025096403528114
0.0006583206661189742 0.0010208711264079785 0.0016256506373983277 0.002633358499301989 0.003637281049422939 0.0026333584993019953 0.0016256506373983348 0.0010208711264079837
0.000509808904228311 0.0007460030836977692 0.0011025096403528211 0.0016256506373983277 0.002115138013955757 0.0016256506373983348 0.0011025096403528202 0.0007460030836977718
0.0003877407491179013 0.0005381248230025305 0.0007460030836977692 0.0010208711264079785 0.001265830805950636 0.0010208711264079837 0.0007460030836977718 0.0005381248230025244
* 24 0.9165535667257181 3 4 0.0061917996326439646
0.0007460030836977725 0.001020871126407988 0.001355214785741706 0.0016954472288860025 0.0015701736634866747 0.0011025096403528122 0.0007460030836977713 0.0005098089042283195
0.0010399826250819823 0.0016256506373983233 0.002340979972298091 0.003135749331744448 0.002599637117008541 0.0016256506373983287 0.0010208711264079833 0.0006583206661189697
0.000983411216427394 0.0017059205853295891 0.0031613415482370432 0.005289543656130011 0.0041965831514187354 0.0023409799722980927 0.0013552147857416907 0.0008237951871953034
0.0008237951871953174 0.0013552147857416987 0.0023409799722981053 0.004242477006237364 0.0061917996326439646 0.0031357493317444468 0.0016954472288860016 0.0009834112164273988
0.0006583206661189766 0.0010208711264079837 0.0016256506373983348 0.0026333584993019953 0.004242477006237364 0.0036863149623561756 0.0019072691219098972 0.0010751916823234795
0.0005098089042283188 0.0007460030836977718 0.0011025096403528202 0.0016256506373983348 0.0023409799722981053 0.003135749331744449 0.0019072691219098957 0.0010751916823234786
0.00038774074911790104 0.0005381248230025244 0.0007460030836977718 0.0010208711264079837 0.0013552147857416987 0.0017059205853295891 0.0016911126675156435 0.000983411216427383
0.000292605132375048 0.00038774074911790104 0.0005098089042283188 0.0006583206661189766 0.0008237951871953174 0.000983411216427394 0.0011025096403528202 0.0008237951871953104
* 25 0.9165535667257174 4 4 0.006191799632643965
0.00029260513237504455 0.0003877407491179064 0.0005098089042283185 0.0006583206661189709 0.0008237951871953093 0.0009322317175190244 0.0008237951871953091 0.0006583206661189761
0.0003877407491179064 0.0005381248230025234 0.0007460030836977725 0.001020871126407988 0.001355214785741706 0.0015734714269757808 0.0013552147857417002 0.0009662167827501273
0.0005098089042283185 0.0007460030836977725 0.0011025096403528228 0.0016256506373983233 0.002340979972298091 0.0028089719457510404 0.002115138013955756 0.0013552147857417058
0.0006583206661189709 0.001020871126407988 0.0016256506373983233 0.002633358499301988 0.0042424770062373515 0.0052895436561300095 0.003137756500480279 0.0017059205853296039
0.0008237951871953093 0.001355214785741706 0.002340979972298091 0.0042424770062373515 0.006191799632643965 0.004218517483015096 0.0026333584993019953 0.0016256506373983348
0.0009834112164273934 0.001705920585329596 0.0031357493317444485 0.0036863149623561756 0.003135749331744449 0.0023409799722981053 0.0016256506373983348 0.0011025096403528202
0.0011025096403528228 0.0016911126675156585 0.0019072691219098972 0.0019072691219098972 0.0016954472288860018 0.0013552147857416987 0.0010208711264079837 0.0007460030836977718
0.0008237951871953105 0.0009834112164273901 0.0010751916823234775 0.0010751916823234803 0.000983411216427394 0.0008237951871953174 0.0006583206661189766 0.0005098089042283188
* 26 0.907187309409994 3 3 0.009525729349724975
0.0008237951871953106 0.0013552147857416996 0.0022887777182420185 0.003637281049422945 0.004218517483015099 0.0023409799722980897 0.0013552147857416913 0.0008237951871953104
0.0009834112164273916 0.0017059205853295959 0.003161341548237046 0.006191799632643969 0.006381158743131044 0.0031613415482370445 0.001705920585329598 0.000983411216427383
0.0011025096403528179 0.0019859221878722826 0.003933983973295568 0.008635775682483053 0.006859556709839997 0.0033994136724385757 0.0018146272275359674 0.001039982625081983
0.0011470513126501018 0.002094726060898726 0.004242477006237357 0.009525729349724975 0.006381158743131032 0.0031613415482370463 0.0017059205853295941 0.0009834112164273901
0.0011025096403528179 0.0019859221878722826 0.003933983973295568 0.006739781848421604 0.004242477006237359 0.0023409799722980875 0.0013552147857416891 0.0008237951871953105
0.0009834112164273916 0.0017059205853295959 0.00280897194575104 0.0036863149623561756 0.002633358499301989 0.0016256506373983277 0.0010208711264079785 0.0006583206661189742
0.0008237951871953106 0.001265830805950636 0.0017059205853295891 0.0019690427717736028 0.0016256506373983277 0.0011025096403528211 0.0007460030836977692 0.000509808904228311
0.0006334123969934595 0.0008237951871953174 0.000983411216427394 0.0011025096403528202 0.0010208711264079785 0.0007460030836977692 0.0005381248230025305 0.0003877407491179013
* 27 0.9204176004451494 4 3 0.007624739468163837
0.0010128798496239532 0.0011470513126501096 0.0011025096403528228 0.0009834112164273934 0.0008237951871953093 0.0006583206661189709 0.0005098089042283185 0.0003877407491179064
0.0016256506373983123 0.002052540384174224 0.001985922187872286 0.001705920585329596 0.001355214785741706 0.001020871126407988 0.0007460030836977725 0.0005381248230025234
0.0019859221878722848 0.003578109665128957 0.003933983973295583 0.0031864277772079464 0.002340979972298091 0.0016256506373983233 0.0011025096403528228 0.0007460030836977725
0.001705920585329595 0.003186427777207931 0.006309447853169569 0.006503977290632404 0.0042424770062373515 0.002633358499301988 0.0016256506373983233 0.0010128798496239527
